2.348339999999999864e-06
3.259780000000000154e-05
1.061959999999999976e-04
1.414049999999999921e-04
1.287059999999999973e-04
1.229439999999999938e-04
1.151709999999999990e-04
1.072879999999999933e-04
1.008229999999999934e-04
9.817500000000000109e-05
9.887839999999999845e-05
9.935540000000000083e-05
9.803219999999999968e-05
9.589879999999999737e-05
9.425180000000000450e-05
9.367270000000000186e-05
9.393600000000000322e-05
9.434920000000000123e-05
9.433760000000000290e-05
9.423380000000000569e-05
9.500060000000000655e-05
9.345389999999999643e-05
8.350240000000000201e-05
6.909190000000000166e-05
5.098870000000000193e-05
8.437589999999999628e-06
-3.700820000000000254e-05
-2.373359999999999923e-05
2.398089999999999938e-05
3.439060000000000240e-05
3.891500000000000265e-05
8.461420000000000041e-05
9.085949999999999973e-05
7.059749999999999619e-06
-8.179430000000000392e-05
-1.089430000000000037e-04
-7.383850000000000125e-05
5.753279999999999912e-06
8.543479999999999727e-05
9.887520000000000499e-05
1.400909999999999941e-05
-1.110700000000000055e-04
-1.799589999999999892e-04
-1.245230000000000002e-04
5.783680000000000163e-05
2.502860000000000089e-04
3.023360000000000001e-04
1.909179999999999905e-04
1.513789999999999952e-05
-1.203090000000000030e-04
-1.535979999999999887e-04
-6.652650000000000078e-05
6.848139999999999794e-05
1.105620000000000029e-04
2.317549999999999859e-05
-8.048800000000000594e-05
-9.174060000000000049e-05
-8.322929999999999950e-06
8.127080000000000122e-05
1.077589999999999961e-04
9.639330000000000424e-05
7.826060000000000080e-05
3.500140000000000000e-05
-1.851610000000000048e-05
-4.191250000000000233e-05
-5.378550000000000198e-05
-8.557670000000000348e-05
-9.607799999999999728e-05
-4.062280000000000009e-05
3.279029999999999673e-05
5.800189999999999773e-05
2.857599999999999881e-05
-2.793560000000000067e-05
-7.405389999999999922e-05
-9.442980000000000178e-05
-1.132500000000000016e-04
-1.485889999999999965e-04
-1.861060000000000101e-04
-2.131090000000000089e-04
-2.329499999999999973e-04
-2.352379999999999998e-04
-2.526110000000000248e-04
-3.740540000000000206e-04
-5.414289999999999554e-04
-4.892940000000000353e-04
-9.296259999999999658e-05
3.536170000000000264e-04
5.198709999999999833e-04
4.952879999999999783e-04
4.153800000000000244e-04
1.510600000000000072e-04
-2.343719999999999983e-04
-4.580610000000000042e-04
-3.898640000000000200e-04
-1.129660000000000023e-04
2.030140000000000048e-04
5.865140000000000024e-04
9.233190000000000277e-04
5.701179999999999920e-04
-6.220880000000000246e-04
-1.802240000000000092e-03
-2.052790000000000083e-03
-1.196250000000000048e-03
-7.403099999999999644e-05
3.387519999999999984e-04
6.506460000000000043e-05
-1.732980000000000067e-04
6.068380000000000334e-05
4.182060000000000139e-04
2.127209999999999984e-04
-5.473700000000000397e-04
-1.058460000000000000e-03
-8.808530000000000179e-04
-4.537270000000000148e-04
-7.106339999999999456e-05
7.217950000000000104e-04
1.747340000000000004e-03
1.762869999999999932e-03
6.084709999999999685e-04
-3.967479999999999900e-04
-5.507360000000000207e-04
-3.123259999999999773e-04
-7.601860000000000431e-05
1.906830000000000038e-04
4.177110000000000263e-04
5.122370000000000222e-04
5.471980000000000420e-04
3.703350000000000110e-04
-3.054239999999999950e-04
-1.103110000000000028e-03
-1.104090000000000063e-03
-1.707090000000000083e-04
7.809600000000000309e-04
9.994920000000000453e-04
4.192980000000000231e-04
-5.083600000000000185e-04
-1.153509999999999952e-03
-1.230809999999999934e-03
-7.749150000000000439e-04
-1.006370000000000056e-04
3.188379999999999990e-04
4.431770000000000024e-04
6.632819999999999558e-04
9.199269999999999626e-04
6.816430000000000058e-04
3.270300000000000182e-05
-4.396909999999999751e-04
-6.097750000000000089e-04
-7.182830000000000074e-04
-6.723900000000000319e-04
-2.290240000000000082e-04
3.686949999999999928e-04
8.061750000000000122e-04
1.090140000000000076e-03
9.380519999999999831e-04
1.992410000000000123e-05
-1.084529999999999999e-03
-1.224519999999999992e-03
-4.400200000000000324e-05
1.198980000000000098e-03
9.700859999999999952e-04
-4.570670000000000201e-04
-1.553560000000000054e-03
-1.728170000000000010e-03
-1.604369999999999928e-03
-1.473860000000000014e-03
-1.006860000000000047e-03
-2.476639999999999788e-04
4.987280000000000402e-04
9.678780000000000326e-04
8.004019999999999711e-04
1.339570000000000051e-04
-4.224230000000000042e-04
-6.357239999999999462e-04
-7.137079999999999640e-04
-8.788269999999999936e-04
-1.192879999999999895e-03
-1.589080000000000093e-03
-1.950789999999999989e-03
-2.199860000000000097e-03
-2.392630000000000191e-03
-2.647440000000000036e-03
-2.603170000000000137e-03
-1.613199999999999964e-03
-1.122980000000000012e-04
2.370629999999999873e-03
8.736360000000000306e-03
1.473000000000000004e-02
1.113240000000000063e-02
2.575130000000000127e-03
-2.677010000000000175e-04
-2.702860000000000072e-03
-1.094499999999999987e-02
-1.209149999999999982e-02
6.829170000000000075e-04
1.378300000000000011e-02
1.683580000000000146e-02
9.734410000000000632e-03
-3.707150000000000202e-03
-1.522180000000000061e-02
-1.479089999999999919e-02
8.726159999999999950e-04
2.160580000000000139e-02
3.225070000000000020e-02
2.224749999999999991e-02
-8.195779999999999732e-03
-3.935919999999999697e-02
-4.674659999999999926e-02
-2.748099999999999848e-02
1.348620000000000027e-03
2.227700000000000166e-02
2.561460000000000126e-02
1.007010000000000023e-02
-1.065319999999999982e-02
-1.435619999999999952e-02
2.145339999999999921e-03
1.935349999999999918e-02
2.094589999999999994e-02
7.782339999999999570e-03
-6.927149999999999974e-03
-1.320029999999999988e-02
-1.355059999999999945e-02
-1.138720000000000010e-02
-4.814599999999999609e-03
2.418299999999999964e-03
4.293339999999999657e-03
4.912589999999999665e-03
9.488440000000000762e-03
1.077209999999999973e-02
1.357359999999999947e-03
-1.084859999999999991e-02
-1.503110000000000036e-02
-1.014089999999999957e-02
-9.274409999999999859e-04
5.985520000000000250e-03
6.576040000000000010e-03
3.761720000000000081e-03
2.642380000000000163e-03
3.486190000000000122e-03
3.726660000000000129e-03
2.774029999999999812e-03
1.564539999999999898e-03
6.477870000000000373e-04
-8.052420000000000400e-05
-9.760189999999999534e-04
-2.383360000000000166e-03
-3.048860000000000025e-03
-7.307070000000000362e-04
2.542299999999999942e-03
3.213699999999999890e-03
2.454990000000000210e-03
4.760850000000000064e-04
-4.292729999999999810e-03
-7.081149999999999597e-03
-4.483299999999999959e-03
-2.031269999999999951e-03
-2.326480000000000128e-03
-1.629540000000000068e-03
1.238450000000000098e-03
4.086099999999999628e-03
5.017040000000000388e-03
2.857750000000000047e-03
-1.369680000000000073e-03
-3.388869999999999990e-03
-2.561369999999999880e-03
-1.548010000000000054e-03
1.641730000000000099e-03
6.505780000000000070e-03
5.892200000000000215e-03
-1.938210000000000106e-03
