5.244310000000000074e-04
5.388699999999999957e-04
1.309500000000000117e-04
-3.635779999999999806e-04
-2.686599999999999926e-04
-2.611010000000000197e-04
-2.685820000000000113e-04
-2.829040000000000005e-04
-2.910990000000000127e-04
-2.901199999999999938e-04
-2.794629999999999771e-04
-2.599270000000000204e-04
-2.355679999999999916e-04
-2.146750000000000004e-04
-2.012279999999999917e-04
-1.973880000000000014e-04
-2.007599999999999955e-04
-2.054100000000000001e-04
-2.034940000000000002e-04
-1.895189999999999993e-04
-1.618909999999999989e-04
-1.282619999999999995e-04
-1.061930000000000046e-04
-1.162800000000000048e-04
-1.621729999999999938e-04
-2.177509999999999960e-04
-2.447649999999999782e-04
-2.385040000000000055e-04
-2.236290000000000098e-04
-2.067229999999999925e-04
-1.749870000000000104e-04
-1.271559999999999867e-04
-7.255729999999999732e-05
-2.592390000000000094e-05
-6.861850000000000210e-06
-2.611469999999999918e-05
-7.215690000000000027e-05
-1.232960000000000067e-04
-1.551909999999999987e-04
-1.349739999999999989e-04
-6.058319999999999960e-05
-3.162400000000000080e-05
-1.832399999999999871e-04
-5.283389999999999571e-04
-9.366329999999999751e-04
-1.239260000000000058e-03
-1.318940000000000000e-03
-1.085540000000000073e-03
-4.499869999999999998e-04
5.532269999999999939e-04
1.621789999999999907e-03
2.200769999999999896e-03
1.908060000000000051e-03
9.610190000000000225e-04
-8.466440000000000207e-05
-7.998369999999999655e-04
-1.003900000000000061e-03
-8.284979999999999949e-04
-6.777149999999999581e-04
-7.664469999999999617e-04
-7.865920000000000203e-04
-4.316820000000000184e-04
9.487279999999999737e-05
6.110039999999999525e-04
1.233350000000000028e-03
1.766819999999999892e-03
1.790820000000000042e-03
1.292799999999999982e-03
6.273189999999999886e-04
9.971020000000000631e-05
-2.328599999999999897e-04
-4.964249999999999913e-04
-8.318110000000000087e-04
-1.289309999999999892e-03
-1.833830000000000052e-03
-2.415539999999999875e-03
-2.846070000000000023e-03
-2.581459999999999831e-03
-1.158640000000000060e-03
1.161869999999999960e-03
3.669089999999999852e-03
5.891999999999999668e-03
7.396800000000000250e-03
7.383790000000000318e-03
5.567080000000000292e-03
2.806379999999999812e-03
2.257849999999999939e-04
-1.713200000000000009e-03
-3.254899999999999807e-03
-4.934960000000000388e-03
-6.870789999999999884e-03
-6.992950000000000381e-03
-2.564959999999999810e-03
4.275740000000000096e-03
7.948139999999999372e-03
6.371860000000000024e-03
2.030130000000000216e-03
-1.767700000000000087e-03
-3.574490000000000046e-03
-3.871009999999999816e-03
-3.471409999999999860e-03
-2.573080000000000159e-03
-1.268440000000000019e-03
1.165039999999999945e-04
1.323340000000000106e-03
2.216329999999999863e-03
2.691279999999999888e-03
2.832690000000000121e-03
2.763920000000000005e-03
2.224020000000000163e-03
8.773080000000000375e-04
-1.113749999999999940e-03
-3.258549999999999815e-03
-5.228530000000000330e-03
-7.014639999999999938e-03
-8.171940000000000801e-03
-7.350340000000000346e-03
-3.882150000000000011e-03
1.131040000000000040e-03
5.983660000000000020e-03
8.765099999999999628e-03
7.386460000000000074e-03
1.697860000000000038e-03
-5.812720000000000387e-03
-1.252769999999999925e-02
-1.694999999999999979e-02
-1.757239999999999844e-02
-1.360339999999999987e-02
-6.797100000000000364e-03
-1.131439999999999996e-04
4.893999999999999913e-03
8.623590000000000422e-03
1.138600000000000029e-02
1.177979999999999999e-02
8.814219999999999347e-03
3.836949999999999996e-03
-1.007290000000000095e-03
-4.448719999999999758e-03
-6.036559999999999843e-03
-6.198930000000000065e-03
-6.330790000000000202e-03
-7.593309999999999817e-03
-9.502099999999999436e-03
-1.007790000000000075e-02
-7.952149999999999844e-03
-3.829939999999999994e-03
5.708380000000000528e-04
4.152310000000000202e-03
6.390029999999999669e-03
6.618109999999999965e-03
4.784949999999999620e-03
2.583209999999999847e-03
2.668719999999999860e-03
5.232670000000000030e-03
5.894779999999999638e-03
-1.443039999999999926e-04
-1.159289999999999973e-02
-1.881050000000000083e-02
-1.109040000000000026e-02
1.175020000000000057e-02
3.999430000000000346e-02
6.181910000000000183e-02
6.760639999999999705e-02
5.624910000000000326e-02
3.706260000000000110e-02
2.090059999999999835e-02
1.188340000000000056e-02
7.361010000000000296e-03
2.573900000000000059e-03
-5.333830000000000342e-03
-1.582329999999999848e-02
-2.487889999999999893e-02
-2.792829999999999965e-02
-2.466190000000000049e-02
-1.895000000000000157e-02
-1.456499999999999982e-02
-1.259910000000000023e-02
-1.195610000000000075e-02
-1.174930000000000072e-02
-1.266590000000000077e-02
-1.540949999999999959e-02
-1.928010000000000140e-02
-2.275430000000000161e-02
-2.460390000000000146e-02
-2.551149999999999946e-02
-2.895500000000000157e-02
-3.812560000000000254e-02
-5.207969999999999960e-02
-6.706739999999999924e-02
-8.040379999999999749e-02
-8.840530000000000610e-02
-8.321789999999999743e-02
-6.095350000000000074e-02
-2.879699999999999968e-02
2.278379999999999989e-03
2.705099999999999866e-02
4.463729999999999781e-02
5.188879999999999881e-02
4.651629999999999654e-02
3.349909999999999693e-02
2.093300000000000022e-02
1.396350000000000022e-02
1.568299999999999902e-02
2.700189999999999882e-02
4.382470000000000115e-02
5.981209999999999999e-02
7.177089999999999859e-02
8.084829999999999794e-02
8.781799999999999329e-02
8.753229999999999345e-02
7.416530000000000344e-02
5.048249999999999960e-02
2.515989999999999893e-02
4.005090000000000212e-03
-1.141479999999999925e-02
-1.828209999999999905e-02
-1.337789999999999986e-02
-1.334290000000000129e-04
1.135820000000000059e-02
1.245210000000000067e-02
4.202219999999999567e-03
-5.430110000000000145e-03
-1.200460000000000069e-02
-1.685839999999999908e-02
-2.235070000000000112e-02
-2.843990000000000060e-02
-3.256679999999999992e-02
-3.297640000000000293e-02
-3.115230000000000082e-02
-3.012240000000000056e-02
-3.169870000000000326e-02
-3.446910000000000251e-02
-3.297169999999999962e-02
-2.216850000000000070e-02
-3.554059999999999945e-03
1.667360000000000023e-02
3.390950000000000214e-02
4.747749999999999887e-02
5.623199999999999726e-02
5.566399999999999820e-02
4.441610000000000003e-02
2.812370000000000148e-02
1.359819999999999952e-02
3.369829999999999874e-03
-4.275349999999999810e-03
-1.234509999999999948e-02
-1.973959999999999951e-02
-1.898479999999999959e-02
-4.874599999999999766e-03
1.816370000000000137e-02
4.138900000000000218e-02
6.023780000000000107e-02
7.315779999999999506e-02
7.098699999999999455e-02
4.119950000000000001e-02
-1.061770000000000075e-02
-5.600150000000000267e-02
-6.918509999999999938e-02
-5.554309999999999803e-02
-4.250070000000000237e-02
-4.791270000000000251e-02
-6.973060000000000369e-02
-9.366249999999999576e-02
-9.399380000000000235e-02
-4.368240000000000317e-02
5.054179999999999784e-02
1.338110000000000133e-01
1.497719999999999885e-01
9.816189999999999638e-02
2.522780000000000161e-02
-2.763940000000000147e-02
-5.067769999999999914e-02
-5.892970000000000153e-02
-6.840190000000000159e-02
-7.577659999999999951e-02
-6.618069999999999509e-02
-3.709679999999999922e-02
-5.824429999999999798e-04
3.188269999999999993e-02
5.600909999999999916e-02
6.790200000000000402e-02
6.230419999999999708e-02
4.236530000000000157e-02
1.944440000000000057e-02
2.081700000000000130e-03
-6.716019999999999629e-03
-4.486640000000000073e-03
9.224140000000000464e-03
2.878069999999999934e-02
4.428529999999999966e-02
4.628960000000000019e-02
3.305389999999999717e-02
1.272039999999999976e-02
-4.830779999999999796e-03
-1.568390000000000062e-02
-2.221269999999999842e-02
-2.839749999999999913e-02
-3.400879999999999875e-02
-3.459199999999999775e-02
-2.816750000000000156e-02
-1.921919999999999878e-02
-1.701249999999999984e-02
-2.826060000000000030e-02
-4.992429999999999785e-02
-7.294509999999999883e-02
-9.105399999999999605e-02
-1.041969999999999980e-01
-1.161029999999999979e-01
-1.153020000000000017e-01
-6.708790000000000586e-02
3.110119999999999899e-02
1.171669999999999934e-01
1.350369999999999904e-01
9.413720000000000421e-02
4.154069999999999985e-02
1.203850000000000059e-02
9.486490000000000200e-03
1.803710000000000035e-02
2.390269999999999895e-02
2.616450000000000026e-02
2.986410000000000106e-02
3.620319999999999788e-02
3.963069999999999787e-02
3.333189999999999764e-02
1.780630000000000060e-02
-7.199509999999999786e-05
-1.461100000000000072e-02
-2.478939999999999963e-02
-3.154459999999999903e-02
-3.496670000000000333e-02
-3.633619999999999906e-02
-3.874709999999999960e-02
-4.388279999999999959e-02
-5.029449999999999893e-02
-5.374799999999999717e-02
-5.039869999999999767e-02
-4.108930000000000221e-02
-3.032829999999999901e-02
-2.243469999999999839e-02
-1.925440000000000138e-02
-1.895470000000000141e-02
-1.787949999999999956e-02
-1.412869999999999925e-02
-8.546639999999999446e-03
-3.652620000000000085e-03
-1.282740000000000095e-03
-7.642900000000000431e-04
1.176859999999999978e-04
3.770260000000000104e-03
1.113929999999999955e-02
2.070009999999999906e-02
2.918990000000000126e-02
3.191589999999999705e-02
2.569079999999999975e-02
1.344240000000000018e-02
2.967190000000000192e-03
-3.254810000000000233e-04
1.406460000000000002e-03
2.446849999999999980e-03
-8.347559999999999746e-05
-5.385449999999999959e-03
-9.280699999999999367e-03
-6.970529999999999955e-03
1.675810000000000017e-03
1.248490000000000016e-02
2.162539999999999948e-02
2.710320000000000090e-02
2.774679999999999855e-02
2.416369999999999976e-02
1.943550000000000139e-02
1.672500000000000028e-02
1.658199999999999952e-02
1.719249999999999945e-02
1.675820000000000087e-02
1.490280000000000077e-02
1.228620000000000059e-02
9.504379999999999773e-03
6.580459999999999782e-03
3.417640000000000001e-03
1.421820000000000017e-04
-3.050039999999999956e-03
-6.092239999999999635e-03
-9.019799999999999693e-03
-1.157580000000000067e-02
-1.341230000000000026e-02
-1.470929999999999981e-02
-1.459790000000000046e-02
-1.068170000000000057e-02
-2.477469999999999846e-03
7.535570000000000115e-03
1.462160000000000022e-02
1.288380000000000081e-02
8.614809999999999872e-04
-1.616199999999999928e-02
-3.056599999999999942e-02
-3.541210000000000191e-02
-2.786020000000000163e-02
-1.256990000000000017e-02
2.332499999999999938e-03
1.091929999999999984e-02
1.102249999999999931e-02
5.655489999999999996e-03
1.792849999999999912e-03
4.218440000000000384e-03
1.180759999999999969e-02
1.938420000000000074e-02
2.186969999999999886e-02
1.824339999999999989e-02
1.172609999999999972e-02
6.125519999999999750e-03
2.973079999999999907e-03
1.776460000000000105e-03
1.642299999999999966e-03
1.672679999999999957e-03
7.729990000000000168e-04
-1.421979999999999989e-03
-3.839299999999999918e-03
-5.222019999999999960e-03
-5.829830000000000255e-03
-7.020720000000000259e-03
-9.310409999999999867e-03
-1.118279999999999968e-02
-1.030969999999999977e-02
-6.187169999999999649e-03
-8.573120000000000480e-04
2.152160000000000184e-03
1.177149999999999936e-04
-6.242529999999999607e-03
-1.369669999999999915e-02
-1.919130000000000141e-02
-1.994639999999999955e-02
-1.429129999999999984e-02
-4.196649999999999686e-03
6.119659999999999857e-03
1.408309999999999944e-02
1.924100000000000116e-02
2.063509999999999997e-02
1.704309999999999853e-02
9.904079999999999134e-03
2.539360000000000055e-03
-3.012719999999999981e-03
-6.781309999999999595e-03
-8.589019999999999294e-03
-6.886340000000000343e-03
-1.350889999999999990e-03
5.605330000000000382e-03
9.952890000000000695e-03
8.483130000000000184e-03
1.819270000000000002e-03
-6.291109999999999931e-03
-1.207719999999999974e-02
-1.260059999999999999e-02
-6.841599999999999765e-03
2.717999999999999930e-03
1.166569999999999933e-02
1.575419999999999945e-02
1.271350000000000084e-02
4.502090000000000258e-03
-4.289949999999999840e-03
-9.405439999999999287e-03
-8.064379999999999465e-03
-9.737219999999999990e-04
7.623940000000000057e-03
1.297180000000000034e-02
1.237470000000000063e-02
6.799259999999999679e-03
2.826989999999999847e-05
-4.091690000000000257e-03
-3.688659999999999856e-03
1.908760000000000068e-04
4.402640000000000199e-03
5.933400000000000132e-03
3.950679999999999817e-03
6.198820000000000393e-05
-3.075850000000000199e-03
-3.247980000000000138e-03
-2.322500000000000074e-04
3.798329999999999936e-03
6.489240000000000286e-03
7.341050000000000006e-03
6.637139999999999707e-03
4.590989999999999654e-03
2.393179999999999960e-03
1.365550000000000097e-03
1.213730000000000104e-03
1.133289999999999905e-03
2.160720000000000088e-03
6.216369999999999708e-03
1.318229999999999923e-02
2.030490000000000073e-02
2.407959999999999962e-02
2.379819999999999852e-02
2.114450000000000010e-02
1.615310000000000010e-02
8.286280000000000034e-03
-1.110740000000000035e-03
-1.018409999999999975e-02
-1.717870000000000161e-02
-1.954420000000000116e-02
-1.601510000000000086e-02
-8.948740000000000167e-03
-2.263659999999999804e-03
1.033440000000000053e-03
-3.881250000000000151e-04
-5.302349999999999945e-03
-1.074589999999999920e-02
-1.384239999999999950e-02
-1.272299999999999993e-02
-7.790980000000000301e-03
-1.596580000000000004e-03
3.070890000000000165e-03
4.077309999999999789e-03
7.535839999999999596e-04
-4.820819999999999966e-03
-8.637769999999999476e-03
-8.183289999999999315e-03
-5.181869999999999879e-03
-3.676469999999999825e-03
-5.177600000000000084e-03
-7.336340000000000222e-03
-7.526670000000000062e-03
-5.680450000000000083e-03
-3.236880000000000139e-03
-1.239569999999999951e-03
1.214609999999999946e-04
1.161329999999999914e-03
2.277330000000000153e-03
3.081560000000000115e-03
2.008880000000000214e-03
-1.997909999999999877e-03
-7.629689999999999736e-03
-1.114090000000000046e-02
-9.029239999999999142e-03
-1.707879999999999945e-03
7.112639999999999935e-03
1.323339999999999933e-02
1.355459999999999998e-02
8.253530000000000241e-03
8.724110000000000198e-04
-4.984289999999999728e-03
-7.195759999999999830e-03
-4.639869999999999932e-03
1.579440000000000097e-03
7.442559999999999974e-03
9.067550000000000610e-03
6.212259999999999831e-03
1.683129999999999913e-03
-1.741659999999999910e-03
-3.053119999999999879e-03
-3.184569999999999849e-03
-4.195749999999999827e-03
-6.681590000000000272e-03
-8.167600000000000554e-03
-6.100460000000000257e-03
-9.536419999999999880e-04
4.315600000000000165e-03
6.243000000000000285e-03
3.649069999999999918e-03
-5.079639999999999633e-04
-2.034209999999999838e-03
-2.190089999999999897e-04
2.755210000000000124e-03
5.111209999999999712e-03
6.489280000000000048e-03
7.108849999999999891e-03
6.128490000000000326e-03
2.664460000000000005e-03
-2.275650000000000155e-03
-6.706529999999999610e-03
-9.049460000000000490e-03
-8.450300000000000866e-03
-5.107920000000000169e-03
-6.570280000000000391e-04
2.636369999999999859e-03
3.833169999999999893e-03
3.760200000000000001e-03
3.400760000000000068e-03
3.459690000000000074e-03
4.520320000000000414e-03
6.150369999999999622e-03
7.119280000000000400e-03
6.788319999999999597e-03
5.503560000000000223e-03
4.034020000000000140e-03
3.048649999999999971e-03
2.596890000000000136e-03
1.877900000000000055e-03
1.148989999999999989e-04
-2.240659999999999787e-03
-3.776079999999999801e-03
-3.929349999999999857e-03
-3.845480000000000079e-03
-4.937689999999999788e-03
-7.008819999999999807e-03
-7.820219999999999255e-03
-5.148129999999999894e-03
5.835770000000000540e-04
5.998100000000000133e-03
7.106300000000000290e-03
2.954819999999999929e-03
-3.720279999999999854e-03
-9.367649999999999935e-03
-1.133230000000000001e-02
-8.555870000000000142e-03
-2.740390000000000100e-03
2.381299999999999823e-03
3.954970000000000360e-03
1.962869999999999806e-03
-1.633689999999999925e-03
-4.729970000000000008e-03
-5.990099999999999938e-03
-4.929049999999999924e-03
-1.477369999999999985e-03
3.744239999999999808e-03
8.280990000000000226e-03
9.177060000000000772e-03
6.208909999999999776e-03
1.843379999999999932e-03
-1.447170000000000010e-03
-2.579269999999999827e-03
-1.854069999999999980e-03
-7.484510000000000208e-04
-9.401810000000000028e-04
-2.546720000000000147e-03
-3.726380000000000057e-03
-2.720450000000000125e-03
3.168870000000000172e-04
3.895850000000000181e-03
6.339250000000000267e-03
6.444130000000000170e-03
4.370360000000000217e-03
1.567070000000000051e-03
-6.307560000000000033e-04
-1.694430000000000025e-03
-1.325980000000000041e-03
6.029800000000000307e-04
3.463030000000000188e-03
6.218360000000000033e-03
8.325269999999999199e-03
9.848799999999999569e-03
