-1.059029999999999922e-05
-1.461820000000000007e-05
-1.690259999999999975e-05
-1.506589999999999919e-05
-2.062660000000000001e-05
-2.603240000000000168e-05
-2.638329999999999861e-05
-2.096970000000000016e-05
-1.359140000000000001e-05
-9.583910000000000538e-06
-1.237150000000000005e-05
-2.096779999999999938e-05
-2.667249999999999916e-05
-2.174450000000000162e-05
-1.177130000000000027e-05
-6.524260000000000110e-06
-5.599489999999999645e-06
-4.905580000000000388e-06
-5.612409999999999684e-06
-7.841239999999999823e-06
-8.299049999999999765e-06
-7.232700000000000225e-06
-8.144100000000000511e-06
-9.709599999999999329e-06
-6.696819999999999691e-06
6.083570000000000522e-07
7.304359999999999637e-06
8.032920000000000332e-06
-5.601030000000000226e-07
-1.110719999999999930e-05
-1.018179999999999965e-05
2.697169999999999792e-06
1.510520000000000066e-05
1.857690000000000166e-05
1.400449999999999949e-05
6.581870000000000054e-06
-1.460459999999999990e-06
-1.206590000000000081e-05
-2.497309999999999981e-05
-3.481179999999999762e-05
-3.290630000000000036e-05
-1.905659999999999979e-05
-6.021499999999999861e-06
-1.932560000000000094e-06
-1.773760000000000022e-06
8.851040000000000091e-07
6.326270000000000333e-06
1.274429999999999926e-05
1.965070000000000144e-05
2.681690000000000069e-05
3.234259999999999761e-05
3.451070000000000147e-05
3.543850000000000298e-05
3.990739999999999674e-05
5.100259999999999852e-05
6.605580000000000544e-05
7.935739999999999342e-05
8.944909999999999710e-05
9.957909999999999668e-05
1.114799999999999965e-04
1.172860000000000016e-04
1.062139999999999965e-04
8.529210000000000285e-05
7.256630000000000350e-05
7.141759999999999873e-05
6.514700000000000493e-05
3.074879999999999942e-05
-3.258739999999999906e-05
-9.762950000000000436e-05
-1.467399999999999944e-04
-1.909009999999999939e-04
-2.264590000000000082e-04
-1.998240000000000031e-04
-9.667219999999999915e-05
-1.969019999999999996e-05
-5.104390000000000099e-05
-1.283210000000000069e-04
-1.561549999999999982e-04
-1.289600000000000121e-04
-1.004940000000000038e-04
-1.133289999999999986e-04
-1.634449999999999911e-04
-2.122860000000000068e-04
-2.370949999999999924e-04
-2.570809999999999870e-04
-2.766670000000000262e-04
-1.552059999999999909e-04
2.392469999999999948e-04
5.807639999999999981e-04
4.032609999999999732e-04
-1.118710000000000001e-04
-4.625739999999999930e-04
-6.046120000000000314e-04
-6.130610000000000313e-04
-2.195060000000000122e-06
1.313109999999999928e-03
1.973279999999999999e-03
1.037649999999999987e-03
-4.147579999999999887e-04
-1.001439999999999926e-03
-5.718700000000000389e-04
1.856279999999999920e-04
5.789249999999999908e-04
5.284530000000000173e-04
2.510899999999999829e-04
-2.341509999999999881e-04
-7.320910000000000351e-04
-8.878039999999999586e-04
-7.680980000000000446e-04
-6.103289999999999497e-04
-3.929140000000000128e-04
1.041369999999999958e-04
9.185800000000000042e-04
1.191379999999999913e-03
5.621299999999999865e-04
4.084830000000000123e-04
1.037780000000000083e-03
8.010569999999999843e-04
-5.589609999999999631e-04
-1.462250000000000008e-03
-1.210130000000000016e-03
-3.208640000000000233e-04
3.965439999999999764e-04
1.968849999999999962e-04
-8.149560000000000625e-05
5.590839999999999482e-04
6.817039999999999905e-04
-4.791039999999999991e-04
-1.297390000000000045e-03
-5.333920000000000458e-04
1.001259999999999910e-03
1.373099999999999928e-03
1.181210000000000029e-04
-8.458860000000000120e-04
-1.246610000000000047e-04
5.088059999999999935e-04
-1.381510000000000127e-04
2.408439999999999933e-05
1.204280000000000064e-03
1.264659999999999916e-03
4.827769999999999891e-04
-2.773259999999999940e-04
-1.376609999999999900e-03
-2.096760000000000030e-03
-1.191290000000000014e-03
7.067959999999999868e-04
1.343519999999999957e-03
1.571199999999999865e-04
-9.378000000000000268e-04
-5.586420000000000361e-04
6.220009999999999558e-04
1.133150000000000086e-03
5.722970000000000401e-04
-2.534549999999999781e-04
-8.686580000000000169e-04
-1.627409999999999924e-03
-2.104350000000000057e-03
-4.064380000000000141e-04
2.820000000000000024e-03
3.100599999999999797e-03
-8.139959999999999904e-04
-4.282939999999999837e-03
-2.653850000000000132e-03
2.094050000000000078e-03
3.107809999999999913e-03
-8.379490000000000506e-04
-2.837230000000000047e-03
8.412549999999999542e-04
3.944920000000000197e-03
1.196610000000000078e-03
-3.574350000000000010e-03
-5.218330000000000191e-03
-2.636869999999999926e-03
2.282419999999999848e-03
4.736190000000000365e-03
1.615040000000000095e-03
-2.475660000000000187e-03
-1.532200000000000055e-03
1.852820000000000031e-03
1.567840000000000032e-03
-1.885029999999999996e-03
-4.197700000000000389e-03
-3.623110000000000133e-03
-4.308690000000000111e-04
3.922959999999999642e-03
7.477100000000000413e-03
1.002519999999999974e-02
1.036540000000000031e-02
5.710340000000000381e-03
-2.255689999999999865e-03
-9.009309999999999541e-03
-1.105970000000000043e-02
-6.513099999999999966e-03
1.278239999999999878e-04
1.664490000000000023e-03
-1.346009999999999915e-03
-3.359950000000000003e-03
-2.448539999999999918e-03
-6.518200000000000036e-04
4.869629999999999792e-04
1.531250000000000059e-03
3.124570000000000125e-03
4.942160000000000129e-03
6.558480000000000212e-03
7.958379999999999274e-03
7.354450000000000223e-03
1.422059999999999947e-03
-1.113650000000000057e-02
-2.270219999999999877e-02
-1.549960000000000053e-02
1.475180000000000068e-02
4.136610000000000287e-02
3.430969999999999853e-02
1.533850000000000014e-03
-2.282819999999999988e-02
-2.645470000000000113e-02
-1.862439999999999929e-02
-4.328959999999999753e-03
1.013960000000000035e-02
1.480159999999999983e-02
7.278169999999999605e-03
-4.810179999999999838e-03
-9.622580000000000369e-03
-4.076169999999999620e-03
3.261930000000000125e-03
4.685810000000000322e-03
1.010180000000000062e-03
-3.302949999999999810e-03
-6.441249999999999927e-03
-7.439880000000000278e-03
-4.045009999999999925e-03
3.186420000000000138e-03
7.474820000000000075e-03
3.006899999999999851e-03
-5.263920000000000057e-03
-8.164430000000000298e-03
-3.880890000000000121e-03
2.388030000000000187e-03
4.417510000000000360e-03
2.211610000000000138e-03
2.297870000000000034e-03
5.153369999999999999e-03
3.386859999999999784e-03
-2.996099999999999805e-03
-6.522069999999999604e-03
-5.632169999999999711e-03
-3.281769999999999826e-03
3.865820000000000064e-04
4.668850000000000430e-03
5.807999999999999795e-03
2.757079999999999861e-03
-1.179539999999999972e-03
-2.807679999999999898e-03
-8.335350000000000485e-04
3.198209999999999942e-03
5.875100000000000287e-03
5.219589999999999647e-03
1.454479999999999966e-03
-3.586429999999999826e-03
-7.485470000000000144e-03
-8.965580000000000771e-03
-8.720089999999999786e-03
-6.717469999999999691e-03
-2.194349999999999860e-03
3.009500000000000022e-03
5.773900000000000213e-03
4.457029999999999846e-03
7.076079999999999783e-04
-1.027970000000000012e-03
1.071289999999999916e-03
