-5.142840000000000519e-04
-6.740700000000000294e-04
-7.004269999999999941e-04
-4.691790000000000153e-04
-4.862120000000000265e-04
-4.774719999999999984e-04
-4.646489999999999757e-04
-4.491429999999999923e-04
-4.346980000000000180e-04
-4.224289999999999903e-04
-4.153599999999999805e-04
-4.121950000000000201e-04
-4.065340000000000078e-04
-3.912459999999999874e-04
-3.691119999999999991e-04
-3.473449999999999888e-04
-3.315910000000000038e-04
-3.264300000000000036e-04
-3.371509999999999980e-04
-3.580550000000000269e-04
-3.678709999999999749e-04
-3.445419999999999820e-04
-2.925909999999999774e-04
-2.439250000000000066e-04
-2.268609999999999952e-04
-2.399269999999999951e-04
-2.603060000000000248e-04
-2.622079999999999940e-04
-2.387110000000000122e-04
-2.155620000000000073e-04
-2.246829999999999899e-04
-2.617559999999999787e-04
-2.984540000000000261e-04
-3.144840000000000200e-04
-2.965029999999999901e-04
-2.316669999999999895e-04
-1.398799999999999957e-04
-7.806750000000000429e-05
-7.897659999999999869e-05
-1.238730000000000115e-04
-1.845700000000000032e-04
-2.524760000000000133e-04
-3.234940000000000168e-04
-3.709399999999999959e-04
-3.384920000000000246e-04
-1.787720000000000021e-04
8.417760000000000531e-05
3.524269999999999920e-04
5.425300000000000521e-04
6.878789999999999644e-04
8.685210000000000282e-04
1.052140000000000020e-03
1.127490000000000089e-03
1.059800000000000065e-03
9.146640000000000369e-04
7.180329999999999742e-04
3.809640000000000205e-04
-1.584529999999999955e-04
-8.310089999999999578e-04
-1.525289999999999892e-03
-2.190709999999999793e-03
-2.716239999999999974e-03
-2.775570000000000207e-03
-2.133529999999999802e-03
-1.003009999999999926e-03
1.830470000000000111e-04
1.119320000000000037e-03
1.693389999999999913e-03
1.985400000000000012e-03
2.176009999999999923e-03
2.241500000000000003e-03
1.897789999999999894e-03
1.029250000000000000e-03
-1.350900000000000093e-04
-1.241279999999999988e-03
-1.683990000000000009e-03
-7.012340000000000153e-04
1.765670000000000000e-03
4.655249999999999666e-03
6.317569999999999783e-03
5.914609999999999833e-03
4.476289999999999956e-03
3.609789999999999874e-03
3.564879999999999872e-03
3.418370000000000002e-03
2.490979999999999844e-03
8.820549999999999701e-04
-9.206970000000000518e-04
-2.385700000000000147e-03
-3.245409999999999788e-03
-3.371540000000000127e-03
-2.186120000000000164e-03
7.713229999999999739e-04
4.622890000000000159e-03
7.017569999999999884e-03
5.933670000000000264e-03
1.910849999999999962e-03
-2.249960000000000068e-03
-3.908599999999999922e-03
-3.073789999999999856e-03
-2.342830000000000173e-03
-3.862979999999999799e-03
-6.521279999999999959e-03
-6.615659999999999770e-03
-2.750559999999999984e-03
1.771329999999999997e-03
3.516259999999999785e-03
2.826570000000000037e-03
1.952900000000000035e-03
1.782530000000000052e-03
1.426179999999999982e-03
2.794350000000000241e-04
-4.507350000000000137e-04
1.032989999999999907e-03
4.413689999999999627e-03
6.868810000000000367e-03
6.275779999999999900e-03
3.594659999999999956e-03
6.585060000000000002e-04
-1.890189999999999926e-03
-3.593630000000000001e-03
-4.420999999999999583e-03
-5.572299999999999649e-03
-7.517030000000000066e-03
-8.517300000000000218e-03
-7.196209999999999760e-03
-4.969799999999999912e-03
-3.785939999999999792e-03
-2.915459999999999927e-03
-4.743520000000000283e-05
5.255919999999999863e-03
9.970240000000000005e-03
9.814520000000000188e-03
3.810959999999999955e-03
-4.867840000000000014e-03
-1.258749999999999973e-02
-1.808600000000000138e-02
-2.132430000000000089e-02
-2.072270000000000015e-02
-1.461280000000000044e-02
-4.606629999999999579e-03
4.872050000000000165e-03
9.387219999999999939e-03
7.714720000000000431e-03
3.007580000000000149e-03
-4.039830000000000114e-04
-1.047100000000000027e-03
-6.340049999999999852e-04
-1.275829999999999933e-03
-3.539860000000000142e-03
-6.471489999999999881e-03
-8.900079999999999450e-03
-1.089659999999999934e-02
-1.333050000000000034e-02
-1.603390000000000024e-02
-1.708660000000000040e-02
-1.479070000000000037e-02
-9.855140000000000081e-03
-4.494309999999999625e-03
-4.547819999999999836e-04
2.449160000000000139e-03
6.429940000000000308e-03
1.292420000000000027e-02
2.025700000000000070e-02
2.643650000000000166e-02
3.128039999999999987e-02
3.315280000000000310e-02
3.004909999999999873e-02
2.494889999999999955e-02
2.464059999999999861e-02
3.243309999999999943e-02
4.507880000000000220e-02
5.722359999999999947e-02
6.617349999999999621e-02
7.263429999999999886e-02
7.875730000000000230e-02
8.609580000000000011e-02
9.478319999999999801e-02
1.016149999999999970e-01
9.973629999999999995e-02
8.568950000000000178e-02
6.435960000000000292e-02
4.353610000000000119e-02
2.706499999999999878e-02
1.386500000000000059e-02
8.446140000000000418e-04
-1.407639999999999933e-02
-3.099870000000000056e-02
-4.841920000000000252e-02
-6.136780000000000013e-02
-6.219000000000000222e-02
-4.919579999999999786e-02
-2.981649999999999925e-02
-1.266250000000000014e-02
-7.777319999999999459e-04
8.041740000000000346e-03
1.524439999999999996e-02
1.728880000000000000e-02
1.098700000000000024e-02
-9.182969999999999935e-04
-1.381989999999999955e-02
-2.598390000000000075e-02
-3.681910000000000044e-02
-4.566130000000000189e-02
-5.319730000000000292e-02
-6.095600000000000324e-02
-6.984419999999999518e-02
-7.875619999999999843e-02
-8.287400000000000322e-02
-7.716249999999999498e-02
-6.300440000000000207e-02
-4.687790000000000012e-02
-3.371989999999999710e-02
-2.408499999999999877e-02
-1.710010000000000002e-02
-1.400359999999999973e-02
-1.576620000000000105e-02
-1.887540000000000051e-02
-1.735259999999999928e-02
-8.995929999999999205e-03
2.216360000000000118e-03
8.573469999999999702e-03
4.795070000000000235e-03
-5.697980000000000059e-03
-1.492519999999999958e-02
-2.091689999999999869e-02
-2.828409999999999952e-02
-4.018560000000000187e-02
-5.525750000000000106e-02
-7.059899999999999509e-02
-8.458250000000000490e-02
-9.549080000000000068e-02
-9.858119999999999383e-02
-9.023230000000000139e-02
-7.429120000000000168e-02
-6.011779999999999902e-02
-5.436930000000000235e-02
-5.518080000000000207e-02
-5.657709999999999823e-02
-5.728230000000000127e-02
-6.065809999999999952e-02
-6.817130000000000412e-02
-7.772579999999999767e-02
-8.685579999999999690e-02
-9.463860000000000328e-02
-1.020139999999999936e-01
-1.067830000000000029e-01
-8.382499999999999674e-02
-3.699490000000000157e-03
1.043169999999999931e-01
1.719710000000000127e-01
1.730919999999999959e-01
1.362369999999999970e-01
1.020230000000000026e-01
8.950660000000000560e-02
9.387850000000000361e-02
1.031129999999999963e-01
1.075610000000000038e-01
1.006579999999999975e-01
8.179720000000000046e-02
5.736970000000000264e-02
3.507339999999999763e-02
1.817589999999999831e-02
5.058929999999999677e-03
-7.617040000000000269e-03
-2.195280000000000148e-02
-3.802219999999999905e-02
-5.461359999999999826e-02
-7.060650000000000259e-02
-8.506049999999999722e-02
-9.124129999999999741e-02
-7.622829999999999884e-02
-3.902980000000000338e-02
-6.537020000000000374e-04
1.644589999999999941e-02
1.067899999999999926e-02
-4.096780000000000387e-03
-1.498090000000000012e-02
-1.415259999999999956e-02
1.921439999999999954e-03
2.919489999999999932e-02
5.687289999999999707e-02
7.345550000000000690e-02
7.692179999999999851e-02
8.065999999999999559e-02
9.669969999999999954e-02
1.159400000000000014e-01
1.194869999999999960e-01
1.029700000000000060e-01
7.788119999999999765e-02
5.652530000000000054e-02
4.292379999999999807e-02
3.384940000000000171e-02
2.419620000000000104e-02
1.129520000000000003e-02
-4.261430000000000079e-03
-2.035379999999999828e-02
-3.560830000000000245e-02
-4.685109999999999969e-02
-3.973109999999999836e-02
-4.860319999999999571e-03
3.452310000000000101e-02
4.686429999999999763e-02
2.940399999999999958e-02
5.424430000000000050e-03
3.235169999999999886e-03
2.697230000000000114e-02
4.992649999999999866e-02
4.962079999999999963e-02
2.911980000000000124e-02
4.127910000000000260e-03
-1.363029999999999971e-02
-2.257939999999999947e-02
-2.778649999999999870e-02
-3.463270000000000237e-02
-4.510220000000000201e-02
-5.799830000000000263e-02
-7.096470000000000555e-02
-7.886329999999999729e-02
-7.337810000000000166e-02
-5.215859999999999941e-02
-2.335129999999999845e-02
2.992920000000000042e-03
2.296199999999999977e-02
3.895309999999999745e-02
5.494990000000000291e-02
6.924560000000000437e-02
7.375310000000000199e-02
6.479799999999999449e-02
4.847289999999999932e-02
3.332059999999999883e-02
2.303459999999999883e-02
1.595890000000000156e-02
9.488460000000000644e-03
3.233619999999999984e-03
-2.990329999999999811e-03
-1.066139999999999970e-02
-2.032430000000000000e-02
-3.078070000000000112e-02
-4.010110000000000063e-02
-4.423049999999999898e-02
-3.782950000000000201e-02
-2.084489999999999954e-02
-1.804929999999999946e-04
1.501459999999999947e-02
1.823210000000000108e-02
1.051799999999999957e-02
-4.343810000000000141e-04
-6.861960000000000282e-03
-5.185160000000000290e-03
2.865690000000000164e-03
1.147489999999999968e-02
1.479519999999999967e-02
1.159119999999999942e-02
5.414709999999999662e-03
4.047410000000000200e-04
-4.970349999999999465e-04
4.375910000000000216e-03
1.211540000000000013e-02
1.519749999999999920e-02
9.215499999999999733e-03
-2.671020000000000078e-03
-1.440540000000000050e-02
-2.264079999999999912e-02
-2.787270000000000025e-02
-3.241089999999999943e-02
-3.547100000000000253e-02
-3.171129999999999782e-02
-2.029100000000000001e-02
-9.383239999999999290e-03
-5.360359999999999778e-03
-5.178059999999999954e-03
-2.547180000000000017e-03
4.758880000000000055e-03
1.474299999999999916e-02
2.447430000000000092e-02
3.223820000000000158e-02
3.666559999999999958e-02
3.610180000000000333e-02
3.104229999999999837e-02
2.458760000000000112e-02
1.962130000000000124e-02
1.724260000000000029e-02
1.690859999999999932e-02
1.689989999999999895e-02
1.516280000000000058e-02
1.052789999999999976e-02
3.652170000000000156e-03
-3.548250000000000189e-03
-9.668619999999999298e-03
-1.466409999999999936e-02
-1.836530000000000107e-02
-1.825119999999999867e-02
-1.154829999999999919e-02
-7.299000000000000149e-04
6.751100000000000330e-03
6.290040000000000214e-03
1.579440000000000097e-03
1.933779999999999907e-04
5.393410000000000391e-03
1.345499999999999995e-02
1.710860000000000158e-02
1.220569999999999988e-02
1.299259999999999998e-03
-9.841410000000000088e-03
-1.577660000000000173e-02
-1.279880000000000080e-02
-2.625520000000000111e-03
6.819470000000000219e-03
8.388609999999999470e-03
2.468759999999999965e-03
-4.408030000000000281e-03
-6.138260000000000417e-03
-1.824120000000000038e-03
5.080020000000000195e-03
1.059339999999999934e-02
1.203350000000000079e-02
8.452090000000000644e-03
1.498250000000000016e-03
-5.628659999999999740e-03
-1.092590000000000054e-02
-1.449779999999999992e-02
-1.762870000000000062e-02
-2.074169999999999833e-02
-2.145839999999999900e-02
-1.691010000000000082e-02
-7.879229999999999220e-03
7.406679999999999904e-04
3.255450000000000010e-03
-1.706110000000000048e-03
-1.014310000000000038e-02
-1.698190000000000116e-02
-1.891659999999999869e-02
-1.499570000000000070e-02
-7.497440000000000181e-03
-9.172380000000000160e-04
1.406659999999999898e-03
9.926119999999999757e-05
-1.236679999999999984e-03
-1.801600000000000098e-04
2.218570000000000004e-03
3.263030000000000097e-03
1.832639999999999963e-03
-1.022389999999999974e-03
-3.413929999999999916e-03
-3.847580000000000184e-03
-2.108210000000000119e-03
2.595879999999999954e-04
3.574979999999999846e-04
-3.294609999999999900e-03
-9.155619999999999731e-03
-1.474110000000000004e-02
-1.883109999999999992e-02
-2.060649999999999982e-02
-1.786859999999999837e-02
-9.297430000000000624e-03
2.470599999999999880e-03
1.125759999999999955e-02
1.130549999999999958e-02
2.752820000000000007e-03
-8.672680000000000319e-03
-1.730090000000000100e-02
-1.982389999999999847e-02
-1.496899999999999967e-02
-4.857059999999999850e-03
5.703660000000000153e-03
1.169929999999999928e-02
9.788140000000000729e-03
1.068460000000000026e-03
-9.404219999999999594e-03
-1.621919999999999959e-02
-1.594539999999999846e-02
-9.513759999999999578e-03
-2.142339999999999956e-03
2.279600000000000116e-03
5.042679999999999906e-03
9.430070000000000466e-03
1.524930000000000035e-02
1.810569999999999888e-02
1.484940000000000045e-02
7.346560000000000243e-03
1.037329999999999936e-03
1.383399999999999908e-03
9.358719999999999192e-03
2.039590000000000153e-02
2.756830000000000044e-02
2.592629999999999935e-02
1.646430000000000116e-02
4.880739999999999731e-03
-3.953339999999999632e-03
-9.146180000000000282e-03
-1.235930000000000015e-02
-1.371220000000000078e-02
-1.095800000000000073e-02
-4.295199999999999886e-03
1.150280000000000052e-03
3.631029999999999826e-04
-6.238559999999999765e-03
-1.383569999999999939e-02
-1.673790000000000000e-02
-1.183329999999999972e-02
-1.142320000000000054e-03
9.931449999999999653e-03
1.600499999999999839e-02
1.435009999999999931e-02
6.978790000000000340e-03
-1.116239999999999897e-03
-6.418830000000000369e-03
-8.333909999999999929e-03
-7.825079999999999883e-03
-6.644009999999999673e-03
-6.627809999999999604e-03
-8.276379999999999848e-03
-1.048679999999999925e-02
-1.202330000000000065e-02
-1.254569999999999991e-02
-1.226789999999999999e-02
-1.115200000000000045e-02
-8.799710000000000518e-03
-5.687799999999999800e-03
-3.069880000000000091e-03
-1.200349999999999985e-03
1.053359999999999957e-04
-2.505520000000000026e-05
-2.415630000000000208e-03
-6.345070000000000397e-03
-1.021810000000000079e-02
-1.210330000000000086e-02
-9.965679999999999331e-03
-3.955669999999999673e-03
2.825740000000000196e-03
7.067089999999999830e-03
7.644070000000000205e-03
5.963600000000000324e-03
4.692009999999999931e-03
5.373389999999999590e-03
7.332289999999999988e-03
9.042390000000000844e-03
9.678279999999999175e-03
9.391299999999999995e-03
8.657110000000000846e-03
7.636310000000000320e-03
6.285589999999999754e-03
4.770469999999999745e-03
3.275940000000000189e-03
1.716599999999999984e-03
4.305770000000000213e-04
4.528569999999999774e-04
2.276279999999999883e-03
4.589079999999999722e-03
4.897330000000000086e-03
2.104840000000000183e-03
-2.300009999999999902e-03
-5.916760000000000075e-03
-7.410830000000000195e-03
-7.115119999999999952e-03
-5.974799999999999729e-03
-4.183659999999999636e-03
-2.256370000000000164e-03
-1.998160000000000127e-03
-4.322249999999999703e-03
-8.034929999999999156e-03
-1.072610000000000056e-02
-1.011090000000000079e-02
-5.980619999999999860e-03
-5.209220000000000517e-04
3.684059999999999852e-03
5.326840000000000221e-03
4.324169999999999577e-03
9.549349999999999635e-04
-4.147529999999999967e-03
-9.068319999999999506e-03
-1.109139999999999952e-02
-8.846130000000000659e-03
-3.465779999999999902e-03
2.439440000000000185e-03
6.831979999999999650e-03
9.286569999999999200e-03
1.030099999999999939e-02
1.041699999999999918e-02
9.867860000000000867e-03
8.194820000000000229e-03
4.920080000000000287e-03
1.322260000000000015e-03
-7.061140000000000296e-06
1.861580000000000049e-03
5.087549999999999711e-03
7.353079999999999686e-03
8.338379999999999403e-03
9.254139999999999242e-03
1.096470000000000083e-02
1.333720000000000044e-02
1.526150000000000076e-02
1.463680000000000016e-02
9.641270000000000395e-03
9.110589999999999791e-04
-8.877120000000000496e-03
-1.693069999999999992e-02
-2.021010000000000167e-02
-1.681629999999999930e-02
-9.575619999999999965e-03
-4.650790000000000132e-03
-5.841759999999999661e-03
-1.180830000000000074e-02
-1.775109999999999882e-02
-1.895809999999999856e-02
-1.446019999999999944e-02
-7.686540000000000386e-03
-2.723810000000000120e-03
-8.828770000000000107e-04
-7.927049999999999938e-04
-5.005349999999999773e-04
8.761939999999999529e-04
3.045389999999999816e-03
5.223310000000000106e-03
6.317849999999999855e-03
5.227850000000000032e-03
2.035850000000000073e-03
-1.995919999999999986e-03
-5.809769999999999691e-03
-9.163910000000000805e-03
-1.161749999999999935e-02
-1.173929999999999939e-02
-8.817059999999999828e-03
-4.189230000000000384e-03
-2.654760000000000041e-04
9.599230000000000046e-04
-2.528780000000000003e-04
-1.254660000000000107e-03
8.875780000000000594e-05
3.237250000000000110e-03
5.564450000000000299e-03
4.847620000000000401e-03
1.419869999999999943e-03
-2.426059999999999849e-03
-4.379240000000000389e-03
-3.547859999999999903e-03
-8.913239999999999792e-04
1.778639999999999952e-03
3.404630000000000069e-03
