5.423195000000000446e-04
5.407914999999999467e-04
5.462018000000000125e-04
5.632410000000000238e-04
5.991151000000000332e-04
6.597928000000000300e-04
7.508941000000000313e-04
8.715354000000000243e-04
1.018536999999999915e-03
1.181165000000000079e-03
1.351369000000000051e-03
1.525197999999999962e-03
1.700162000000000071e-03
1.876276999999999980e-03
2.057520000000000182e-03
2.238223000000000122e-03
2.413438999999999862e-03
2.576822999999999787e-03
2.704078999999999858e-03
2.757811000000000203e-03
2.700737999999999837e-03
2.501226000000000057e-03
2.166547000000000004e-03
1.741628000000000056e-03
1.256811000000000039e-03
7.357883000000000175e-04
1.941359999999999993e-04
-3.978497999999999800e-04
-1.203777999999999966e-03
-2.282538000000000188e-03
-3.565991000000000126e-03
-4.885434000000000131e-03
-6.264694999999999812e-03
-7.680514000000000265e-03
-9.047004000000000851e-03
-1.021065999999999988e-02
-1.099809000000000030e-02
-1.130652000000000046e-02
-1.112889000000000066e-02
-1.057744000000000045e-02
-9.605216999999999228e-03
-8.206615000000000437e-03
-6.415704999999999845e-03
-4.322435999999999813e-03
-1.947230000000000098e-03
9.293847999999999519e-04
4.329470999999999667e-03
7.989312999999999623e-03
1.161767000000000008e-02
1.483340000000000006e-02
1.751930999999999974e-02
1.968535000000000076e-02
2.124658000000000102e-02
2.210221999999999881e-02
2.209817000000000031e-02
2.132759000000000044e-02
2.012815999999999911e-02
1.853509000000000059e-02
1.660535000000000136e-02
1.443532999999999969e-02
1.218377999999999996e-02
1.003186000000000008e-02
7.503517000000000346e-03
4.452364999999999795e-03
1.192235000000000040e-03
-1.958843999999999950e-03
-4.752631000000000216e-03
-6.772272000000000187e-03
-7.626184999999999735e-03
-7.495133999999999651e-03
-6.438529999999999601e-03
-4.675096000000000113e-03
-2.971745000000000029e-03
-2.316547999999999871e-03
-3.370299000000000211e-03
-6.316513999999999636e-03
-1.049081999999999966e-02
-1.535616000000000064e-02
-2.040642999999999971e-02
-2.527812999999999935e-02
-2.970263000000000070e-02
-3.359220000000000261e-02
-3.705568000000000056e-02
-4.029752999999999807e-02
-4.322282999999999681e-02
-4.580083000000000071e-02
-4.787219999999999670e-02
-4.903688999999999965e-02
-4.893630999999999676e-02
-4.751314999999999705e-02
-4.520417999999999659e-02
-4.208545000000000341e-02
-3.807651000000000091e-02
-3.296558000000000127e-02
-2.646166000000000143e-02
-1.882349999999999995e-02
-1.096509000000000025e-02
-2.955791000000000147e-03
4.529804000000000122e-03
1.008738999999999990e-02
1.426510999999999925e-02
1.747997000000000092e-02
1.958253000000000077e-02
2.087475000000000094e-02
2.203971000000000055e-02
2.384038000000000129e-02
2.716854000000000144e-02
3.244649000000000144e-02
3.939626000000000239e-02
4.710720000000000185e-02
5.400300999999999713e-02
5.909440999999999999e-02
6.153840000000000005e-02
6.081833999999999851e-02
5.682366999999999974e-02
5.019559999999999994e-02
4.290781999999999929e-02
3.501496999999999943e-02
2.721884000000000109e-02
1.880147999999999889e-02
9.148023999999999392e-03
-7.402004000000000222e-04
-8.733618000000000284e-03
-1.307566999999999931e-02
-1.420247999999999997e-02
-1.262466999999999930e-02
-8.425937999999999137e-03
-2.099493999999999926e-03
6.289003999999999948e-03
1.610980999999999871e-02
2.636644000000000140e-02
3.563126999999999961e-02
4.160880000000000134e-02
4.320094000000000017e-02
4.126591999999999760e-02
3.578047000000000172e-02
2.671224999999999988e-02
1.419012000000000051e-02
-1.547940999999999944e-03
-1.831249000000000071e-02
-3.509999999999999926e-02
-5.180184000000000177e-02
-6.782689999999999553e-02
-8.109528000000000569e-02
-9.053076999999999652e-02
-9.748497999999999886e-02
-1.022506999999999999e-01
-1.046056000000000069e-01
-1.043694000000000011e-01
-1.010274000000000033e-01
-9.385169999999999624e-02
-8.226795000000000635e-02
-6.629375999999999325e-02
-4.770988000000000312e-02
-2.775535999999999975e-02
-7.136935999999999974e-03
1.217296000000000003e-02
2.775031000000000025e-02
3.705246999999999707e-02
4.232601999999999892e-02
4.569807000000000036e-02
4.819688999999999918e-02
5.078040999999999805e-02
5.424667999999999851e-02
5.921027000000000234e-02
6.576663000000000647e-02
7.330543999999999949e-02
8.072698000000000373e-02
8.638832000000000455e-02
8.936871000000000398e-02
8.881751000000000229e-02
8.378670000000000562e-02
7.426053999999999988e-02
6.142519999999999925e-02
4.711879000000000067e-02
3.411523999999999807e-02
2.487171999999999994e-02
2.002982999999999847e-02
1.723973000000000172e-02
1.639414999999999970e-02
1.765889000000000000e-02
2.037233999999999920e-02
2.298562999999999995e-02
2.441172000000000133e-02
2.408137999999999945e-02
2.177497999999999934e-02
1.807038999999999868e-02
1.323578000000000081e-02
7.164349999999999885e-03
1.046052999999999995e-04
-7.047755000000000165e-03
-1.403033000000000058e-02
-2.052514000000000075e-02
-2.576323000000000155e-02
-2.931403999999999954e-02
-3.143155999999999728e-02
-3.257008000000000125e-02
-3.367814000000000224e-02
-3.532530999999999866e-02
-3.778742999999999685e-02
-4.128484999999999794e-02
-4.618719999999999770e-02
-5.280619000000000285e-02
-6.162565999999999877e-02
-7.257447000000000203e-02
-8.470761000000000263e-02
-9.570446000000000508e-02
-1.014609999999999956e-01
-9.736261999999999694e-02
-8.397749999999999659e-02
-6.441507000000000482e-02
-4.256503999999999843e-02
-2.179704999999999837e-02
-2.301465999999999842e-03
1.522763000000000068e-02
2.829599000000000003e-02
3.479551000000000172e-02
3.575891999999999959e-02
3.285612000000000255e-02
2.692367999999999845e-02
1.956627000000000019e-02
1.313827000000000050e-02
9.545701999999999660e-03
9.148276999999999798e-03
1.204768999999999979e-02
1.805655000000000107e-02
2.633670999999999929e-02
3.701129000000000224e-02
4.969217000000000078e-02
6.251581999999999972e-02
7.265307999999999489e-02
7.860950999999999356e-02
8.099188000000000220e-02
7.928388000000000102e-02
7.212905000000000011e-02
5.874788999999999706e-02
3.971513000000000126e-02
1.789450999999999889e-02
-2.058158999999999943e-03
-1.913702999999999932e-02
-3.346588999999999814e-02
-4.312570999999999766e-02
-4.617527999999999910e-02
-4.380764999999999659e-02
-3.829016999999999837e-02
-3.190099999999999880e-02
-2.620176999999999923e-02
-2.216597999999999832e-02
-1.947493000000000141e-02
-1.718257999999999938e-02
-1.451853999999999992e-02
-1.105685999999999995e-02
-6.530455000000000114e-03
-9.297894000000000124e-04
5.282061000000000221e-03
1.120161000000000073e-02
1.532153999999999981e-02
1.670216999999999882e-02
1.563586000000000142e-02
1.219202999999999953e-02
6.207821999999999993e-03
-1.725360999999999909e-03
-1.105264000000000073e-02
-2.085255999999999915e-02
-3.072831999999999994e-02
-4.032133000000000245e-02
-4.827316999999999719e-02
-5.333972000000000019e-02
-5.573931000000000024e-02
-5.575399999999999801e-02
-5.305069999999999925e-02
-4.742980000000000113e-02
-3.967220999999999942e-02
-3.088636999999999980e-02
-2.295642999999999989e-02
-1.774279000000000134e-02
-1.579041000000000125e-02
-1.581368000000000010e-02
-1.777955000000000160e-02
-2.157660000000000133e-02
-2.727177000000000073e-02
-3.467967000000000272e-02
-4.270542000000000088e-02
-5.112542999999999949e-02
-5.999093999999999954e-02
-6.814792000000000072e-02
-7.356722000000000261e-02
-7.654415000000000524e-02
-7.799227000000000243e-02
-7.860611000000000681e-02
-7.890033999999999936e-02
-7.921646000000000243e-02
-7.928984999999999506e-02
-7.841317000000000426e-02
-7.543242999999999476e-02
-6.911249999999999338e-02
-5.867586999999999803e-02
-4.400592999999999866e-02
-2.635014000000000106e-02
-7.617444999999999598e-03
1.030934000000000017e-02
2.427417000000000116e-02
3.530313000000000201e-02
4.443315999999999932e-02
5.235105999999999787e-02
5.823769000000000168e-02
6.153759999999999786e-02
6.225727999999999818e-02
6.092795000000000155e-02
5.763676999999999689e-02
5.309939999999999799e-02
4.870846999999999677e-02
4.522695000000000187e-02
4.376311000000000090e-02
4.470517999999999714e-02
4.787853999999999721e-02
5.342420999999999975e-02
6.115343000000000168e-02
7.082065999999999362e-02
8.140266999999999642e-02
9.212309000000000470e-02
1.021853000000000067e-01
1.102044999999999969e-01
1.150959000000000010e-01
1.174334999999999962e-01
1.180022000000000015e-01
1.168364000000000069e-01
1.139518000000000059e-01
1.094001000000000001e-01
1.038084999999999980e-01
9.746312000000000031e-02
9.098443999999999976e-02
8.544211000000000167e-02
8.191239999999999633e-02
8.072247000000000450e-02
8.165476000000000678e-02
8.372358000000000577e-02
8.592845000000000344e-02
8.781511000000000178e-02
8.887783999999999962e-02
8.850528000000000561e-02
8.549861999999999740e-02
7.859083000000000041e-02
6.713239999999999486e-02
5.074478999999999795e-02
3.081551999999999902e-02
1.044554999999999963e-02
-4.745494999999999748e-03
-1.040370000000000010e-02
-1.160289999999999933e-02
-1.107908999999999977e-02
-9.158341000000000398e-03
-6.773106000000000092e-03
-4.868929000000000139e-03
-4.036195000000000234e-03
-4.381801000000000272e-03
-5.678555000000000061e-03
-8.314728000000000396e-03
-1.270366000000000030e-02
-1.866722999999999993e-02
-2.562760999999999859e-02
-3.278807000000000249e-02
-3.893271000000000232e-02
-4.205976000000000159e-02
-3.997876999999999681e-02
-3.257946999999999926e-02
-2.119017999999999943e-02
-8.821297000000000513e-03
2.430959999999999805e-03
1.250566000000000004e-02
2.155142999999999989e-02
2.740715000000000165e-02
2.899401000000000062e-02
2.651680000000000009e-02
2.005283000000000065e-02
1.020794000000000042e-02
-1.706302000000000036e-03
-1.576185000000000086e-02
-3.118951000000000015e-02
-4.658415999999999946e-02
-6.031751999999999947e-02
-7.168689000000000311e-02
-8.127204999999999846e-02
-8.970736999999999461e-02
-9.774906999999999346e-02
-1.064794000000000018e-01
-1.159372000000000041e-01
-1.254159999999999997e-01
-1.338313999999999893e-01
-1.398743000000000070e-01
-1.434226999999999863e-01
-1.445381000000000027e-01
-1.427624999999999866e-01
-1.374576999999999882e-01
-1.288275000000000114e-01
-1.172320000000000029e-01
-1.035429999999999962e-01
-9.031846000000000318e-02
-8.005536000000000596e-02
-7.193552000000000279e-02
-6.587460000000000537e-02
-6.190405000000000213e-02
-5.958469000000000265e-02
-5.876409999999999967e-02
-5.910947999999999897e-02
-6.067031999999999980e-02
-6.325627999999999806e-02
-6.692732999999999322e-02
-7.140707000000000304e-02
-7.570778999999999703e-02
-7.819800000000000362e-02
-7.672168000000000043e-02
-7.000499999999999778e-02
-5.725448000000000343e-02
-3.863753000000000326e-02
-1.600073999999999941e-02
6.519396999999999692e-03
2.846196000000000143e-02
4.801116999999999885e-02
6.278334000000000692e-02
7.281471999999999944e-02
7.819926000000000654e-02
7.955352999999999730e-02
7.907466000000000494e-02
7.831399999999999473e-02
7.738971000000000044e-02
7.615840000000000110e-02
7.445398999999999767e-02
7.213057999999999970e-02
6.855384999999999951e-02
6.307487999999999984e-02
5.578460999999999836e-02
4.784974000000000172e-02
4.067463999999999802e-02
3.501855999999999719e-02
3.244651999999999953e-02
3.393505000000000132e-02
3.887561999999999962e-02
4.665476000000000345e-02
5.529342000000000285e-02
6.314575000000000049e-02
6.867204999999999837e-02
7.053914999999999491e-02
6.808917000000000441e-02
6.143501999999999991e-02
5.082735000000000031e-02
3.808187999999999851e-02
2.473066000000000153e-02
1.218818999999999979e-02
1.707540999999999920e-03
-5.742330000000000351e-03
-9.007935999999999374e-03
-7.602638000000000104e-03
-1.738275000000000063e-03
7.712390000000000391e-03
1.852231000000000016e-02
2.885646000000000044e-02
3.700583000000000344e-02
4.143088999999999800e-02
4.161449999999999871e-02
3.849237999999999965e-02
3.290772000000000141e-02
2.597168999999999867e-02
1.761880000000000043e-02
7.942309999999999301e-03
-2.244223999999999958e-03
-1.263606999999999925e-02
-2.332667999999999894e-02
-3.420755999999999797e-02
-4.505830999999999725e-02
-5.442977000000000232e-02
-6.178548999999999847e-02
-6.618469000000000435e-02
-6.753858000000000084e-02
-6.743256999999999723e-02
-6.624186999999999437e-02
-6.430368000000000195e-02
-6.184731999999999730e-02
-5.878027999999999725e-02
-5.440744000000000136e-02
-4.787058000000000285e-02
-3.871572000000000208e-02
-2.742734999999999965e-02
-1.527171000000000084e-02
-3.982641000000000306e-03
4.646202000000000318e-03
9.880105999999999611e-03
1.170130999999999949e-02
1.126774999999999999e-02
8.554847000000000840e-03
3.937534999999999820e-03
-1.013594999999999947e-03
-5.771799000000000200e-03
-1.036740000000000057e-02
-1.385369000000000010e-02
-1.478884999999999922e-02
-1.225144000000000059e-02
-6.407923000000000265e-03
2.308332000000000179e-03
1.223262999999999955e-02
2.300287999999999985e-02
3.473144999999999705e-02
4.617423999999999834e-02
5.472239000000000270e-02
5.832003000000000187e-02
5.837474000000000135e-02
5.584755000000000275e-02
5.166484999999999828e-02
4.707026000000000265e-02
4.307303999999999994e-02
3.999940999999999913e-02
3.820028999999999786e-02
3.722545000000000021e-02
3.633237999999999746e-02
3.525612999999999664e-02
3.383889000000000341e-02
3.209280999999999939e-02
3.019569999999999893e-02
2.809756000000000059e-02
2.567985999999999880e-02
2.290967000000000003e-02
1.997331999999999927e-02
1.735224999999999962e-02
1.559534999999999914e-02
1.459676000000000029e-02
1.380643999999999968e-02
1.274695999999999989e-02
1.116957000000000019e-02
8.958191000000000764e-03
6.271918999999999932e-03
3.763895000000000175e-03
2.155564999999999912e-03
1.609025999999999946e-03
1.891583999999999974e-03
3.076311999999999883e-03
5.270443999999999997e-03
8.249648000000000050e-03
1.173277000000000000e-02
1.566187999999999955e-02
1.988001000000000004e-02
2.440153000000000114e-02
2.920560000000000170e-02
3.384294999999999665e-02
3.723416999999999699e-02
3.845968000000000303e-02
3.775952999999999948e-02
3.610743000000000286e-02
3.364588999999999774e-02
3.030447000000000002e-02
2.596696999999999894e-02
2.071115000000000109e-02
1.478084999999999989e-02
8.358463000000000004e-03
1.952355000000000019e-03
-3.666084000000000009e-03
-8.538076999999999819e-03
-1.226634000000000058e-02
-1.425853000000000016e-02
-1.599704000000000056e-02
-1.793043000000000067e-02
-2.016619999999999871e-02
-2.286111999999999866e-02
-2.625807000000000141e-02
-3.055083999999999925e-02
-3.559750999999999888e-02
-4.079258999999999663e-02
-4.555598000000000286e-02
-4.950079000000000284e-02
-5.229700000000000321e-02
-5.374709999999999904e-02
-5.360672999999999827e-02
-5.177247000000000099e-02
-4.859502999999999739e-02
-4.445936999999999806e-02
-3.911872000000000266e-02
-3.270706000000000307e-02
-2.638257999999999923e-02
-2.139999000000000068e-02
-1.824995000000000089e-02
-1.689799000000000162e-02
-1.664447999999999969e-02
-1.692478000000000038e-02
-1.714888999999999997e-02
-1.686466999999999827e-02
-1.576626000000000069e-02
-1.434210999999999993e-02
-1.297707000000000027e-02
-1.193421000000000065e-02
-1.157288000000000067e-02
-1.224924999999999972e-02
-1.421327000000000007e-02
-1.734209999999999918e-02
-2.151410000000000128e-02
-2.653797000000000100e-02
-3.163674999999999821e-02
-3.546573000000000087e-02
-3.800247000000000347e-02
-3.932721000000000133e-02
-3.985406999999999839e-02
-4.003323999999999772e-02
-4.011895000000000044e-02
-4.004061999999999899e-02
-3.944599000000000022e-02
-3.785254999999999870e-02
-3.474987000000000215e-02
-2.996532000000000015e-02
-2.392856999999999970e-02
-1.692352999999999913e-02
-9.751838000000000520e-03
-3.655485999999999892e-03
9.143232000000000486e-04
4.073189999999999970e-03
6.038003999999999594e-03
7.148935000000000359e-03
7.279545000000000113e-03
6.471972999999999789e-03
5.274276999999999958e-03
4.086206999999999687e-03
3.314436999999999939e-03
3.379524999999999977e-03
4.540833999999999669e-03
6.848754000000000300e-03
1.019409999999999934e-02
1.391041999999999973e-02
1.722993999999999915e-02
1.997710999999999931e-02
2.197282999999999875e-02
2.277610000000000051e-02
2.205843999999999860e-02
1.981329000000000076e-02
1.670637000000000164e-02
1.378288000000000083e-02
1.188995999999999977e-02
1.151613999999999936e-02
1.247904000000000027e-02
1.422003999999999976e-02
1.619169999999999984e-02
1.800208000000000017e-02
1.929271000000000111e-02
1.980060000000000153e-02
1.951519000000000170e-02
1.874645999999999951e-02
1.747860000000000039e-02
1.573777999999999982e-02
1.380554999999999977e-02
1.232929999999999963e-02
1.217658999999999929e-02
1.283233999999999937e-02
1.364406999999999946e-02
1.419939999999999918e-02
1.434539999999999947e-02
1.412078999999999938e-02
1.355383999999999929e-02
1.278905999999999966e-02
1.199933000000000076e-02
1.125869999999999996e-02
1.061881999999999930e-02
1.014190000000000057e-02
9.885878000000000720e-03
9.892803999999999834e-03
1.021968000000000008e-02
1.090803000000000085e-02
1.188575000000000048e-02
1.318785999999999917e-02
1.496732999999999918e-02
1.730720999999999996e-02
2.008224000000000120e-02
2.302720000000000114e-02
2.556933999999999943e-02
2.692407999999999954e-02
2.709809999999999997e-02
2.606371000000000035e-02
2.416601999999999986e-02
2.204700000000000062e-02
2.022393999999999928e-02
1.915814999999999879e-02
1.867277999999999993e-02
1.867266000000000065e-02
1.887205000000000132e-02
1.883278000000000035e-02
1.805054999999999854e-02
1.601982999999999879e-02
1.262199999999999954e-02
8.351565999999999504e-03
4.066901000000000370e-03
4.490202000000000212e-04
-2.355224999999999853e-03
-4.103975999999999631e-03
-4.896405999999999849e-03
-5.074775999999999593e-03
-4.904177000000000015e-03
-4.585653000000000298e-03
-4.441767000000000111e-03
-4.555347000000000389e-03
-4.723347000000000136e-03
-4.559889999999999603e-03
-4.007618000000000118e-03
-3.282750999999999985e-03
-2.732942999999999831e-03
-2.485138000000000017e-03
-2.495854000000000041e-03
-2.546170999999999851e-03
-2.424908999999999832e-03
-1.930398999999999960e-03
-8.729788000000000044e-04
8.170763000000000158e-04
3.148635999999999796e-03
5.943766999999999974e-03
8.689341999999999205e-03
1.105797000000000030e-02
1.289463000000000067e-02
1.403300000000000033e-02
1.428280999999999995e-02
1.373170999999999940e-02
1.284794000000000040e-02
1.158072999999999915e-02
9.767734000000000139e-03
7.350439999999999752e-03
4.287354000000000165e-03
6.214833000000000336e-04
-3.418128999999999786e-03
-7.824879999999999336e-03
-1.287684000000000051e-02
-1.838684000000000152e-02
-2.335668999999999940e-02
-2.619066999999999923e-02
-2.702221999999999957e-02
-2.704990000000000172e-02
-2.655100999999999989e-02
-2.588628000000000109e-02
-2.550586999999999993e-02
-2.556011000000000047e-02
-2.600542999999999952e-02
-2.666537999999999894e-02
-2.748644000000000087e-02
-2.836794999999999942e-02
-2.914088999999999915e-02
-2.961895000000000153e-02
-2.957974999999999841e-02
-2.884139999999999968e-02
-2.740601000000000148e-02
-2.558090000000000017e-02
-2.348843999999999932e-02
-2.094098999999999960e-02
-1.772400999999999838e-02
-1.382341999999999946e-02
-9.857443999999999928e-03
-7.037538000000000300e-03
-5.787669999999999967e-03
-5.561738000000000098e-03
-5.749141000000000147e-03
-6.306802999999999715e-03
-7.214703999999999735e-03
-8.287004000000000592e-03
-9.304507999999999529e-03
-1.012294000000000041e-02
-1.064767999999999964e-02
-1.083820999999999916e-02
-1.073030999999999985e-02
-1.046573999999999942e-02
-1.015116999999999929e-02
-9.806980999999999338e-03
-9.466231999999999772e-03
-9.185197000000000847e-03
-9.052108999999999156e-03
-9.154832999999999374e-03
-9.466222999999999305e-03
-9.815282999999999300e-03
-1.001407999999999986e-02
-9.877787000000000719e-03
-9.471762999999999363e-03
-8.984680000000000097e-03
-8.430852000000000832e-03
-7.786912000000000000e-03
-7.037578000000000063e-03
-6.108019999999999596e-03
-4.829070000000000411e-03
-3.021793999999999956e-03
-5.898251000000000188e-04
2.318950000000000178e-03
5.236707000000000167e-03
8.083363999999999133e-03
1.092812999999999944e-02
1.371554000000000002e-02
1.589526000000000133e-02
1.721069999999999892e-02
1.803060999999999900e-02
1.845400000000000165e-02
1.847468999999999847e-02
1.822419000000000122e-02
1.782560000000000047e-02
1.736255999999999911e-02
1.680005000000000040e-02
1.602494999999999961e-02
1.491093999999999926e-02
1.337633000000000051e-02
1.146751000000000020e-02
9.449651999999999358e-03
7.613575000000000030e-03
6.094867000000000340e-03
5.062879000000000164e-03
4.546869999999999731e-03
4.336228000000000131e-03
4.445232000000000350e-03
4.861807000000000108e-03
5.421078000000000181e-03
6.003945999999999589e-03
6.570987999999999829e-03
7.085161999999999884e-03
7.495550999999999603e-03
7.725005000000000066e-03
7.683856999999999667e-03
7.348793999999999639e-03
6.809123000000000259e-03
6.083472000000000358e-03
5.256745000000000168e-03
4.547630999999999896e-03
4.203010000000000079e-03
4.491603999999999736e-03
5.589695000000000427e-03
7.334180000000000040e-03
9.122656999999999294e-03
1.056997999999999965e-02
1.127907000000000041e-02
1.088898999999999943e-02
9.450768000000000016e-03
7.562921999999999700e-03
5.679726999999999866e-03
4.245735999999999954e-03
3.847619000000000039e-03
4.986156000000000268e-03
7.396077000000000033e-03
1.046776999999999951e-02
1.386640999999999915e-02
1.698414999999999994e-02
1.911370000000000083e-02
1.988447999999999952e-02
1.930538000000000046e-02
1.776729999999999976e-02
1.561432999999999918e-02
1.326347999999999937e-02
1.116144999999999984e-02
9.791632999999999240e-03
8.790400999999999770e-03
8.138166000000000497e-03
7.927239000000000854e-03
8.030004000000000308e-03
8.012974000000000832e-03
7.647257999999999660e-03
6.971485999999999829e-03
6.199528999999999630e-03
5.520874999999999741e-03
4.829588000000000110e-03
4.060532999999999851e-03
3.208489000000000133e-03
2.328741999999999965e-03
1.537528999999999936e-03
9.682408999999999677e-04
7.378998000000000328e-04
7.815778000000000439e-04
7.801535999999999974e-04
4.855807999999999978e-04
-1.547189999999999937e-04
-1.073691000000000098e-03
-2.195424000000000073e-03
-3.295057000000000107e-03
-4.172722000000000236e-03
-4.856525000000000425e-03
-5.330963000000000195e-03
-5.561576999999999840e-03
-5.576931000000000249e-03
-5.499867000000000297e-03
-5.604060000000000118e-03
-6.140437999999999799e-03
-7.301506999999999616e-03
-9.127642000000000047e-03
-1.132549000000000056e-02
-1.319072999999999947e-02
-1.443828999999999946e-02
-1.511083000000000044e-02
-1.520485000000000066e-02
-1.486512000000000076e-02
-1.453277000000000041e-02
-1.447213999999999966e-02
-1.477267999999999984e-02
-1.540173000000000063e-02
-1.638825000000000004e-02
-1.765187000000000006e-02
-1.889827999999999994e-02
-1.967698000000000016e-02
-1.947418999999999886e-02
-1.820427999999999977e-02
-1.623080999999999829e-02
-1.376162000000000045e-02
-1.123346000000000067e-02
-8.981884000000000742e-03
-7.346560999999999717e-03
-6.474485999999999783e-03
-6.354763999999999725e-03
-6.984984999999999979e-03
-8.126991999999999550e-03
-9.131873000000000420e-03
-9.562595000000000123e-03
-9.499613000000000501e-03
-9.239050999999999861e-03
-8.842756999999999701e-03
-8.360275999999999819e-03
-7.778336999999999751e-03
-7.025650999999999945e-03
-6.047697999999999789e-03
-4.861749999999999752e-03
-3.609666999999999997e-03
-2.402967000000000210e-03
-1.347071000000000032e-03
-5.550791999999999489e-04
-9.154661999999999663e-05
1.059047000000000027e-04
2.886038000000000167e-04
6.801987999999999698e-04
1.381910000000000083e-03
2.381695999999999987e-03
3.522936999999999857e-03
4.757942999999999721e-03
6.021140000000000346e-03
7.242115000000000358e-03
8.428823000000000218e-03
9.555759000000000475e-03
1.054149000000000058e-02
1.123263000000000039e-02
1.140731000000000037e-02
1.092546999999999963e-02
9.930302999999999700e-03
8.796094000000000829e-03
7.752389000000000155e-03
7.111990999999999799e-03
7.183351000000000146e-03
7.514627999999999759e-03
7.856093999999999231e-03
8.138974000000000208e-03
8.277556000000000150e-03
8.214310000000000708e-03
7.900684999999999306e-03
7.259327999999999788e-03
6.262216000000000136e-03
4.962081999999999604e-03
3.481567999999999989e-03
1.913112000000000016e-03
2.985810000000000200e-04
-1.310140999999999910e-03
-2.895842000000000034e-03
-4.428124999999999770e-03
-5.921057999999999877e-03
-7.390609999999999714e-03
-8.669978000000000060e-03
-9.553417999999999285e-03
-1.000385999999999984e-02
-9.967853000000000477e-03
-9.490260999999999836e-03
-8.768190999999999832e-03
-7.935532999999999823e-03
-7.236328000000000205e-03
-6.998273000000000167e-03
-7.390032999999999845e-03
-8.346789000000000291e-03
-9.479019999999999460e-03
-1.043431000000000046e-02
-1.095554999999999966e-02
-1.087432999999999976e-02
-1.021042999999999951e-02
-9.132762000000000865e-03
-7.656821000000000287e-03
-5.906357999999999574e-03
-4.222240000000000368e-03
-2.821075000000000145e-03
-1.752642000000000002e-03
-6.342239999999999640e-04
7.366503000000000374e-04
2.337294000000000177e-03
3.992276000000000331e-03
5.515840000000000153e-03
6.790339999999999744e-03
7.715872000000000355e-03
8.241813000000000611e-03
8.429710999999999455e-03
8.135738999999999471e-03
7.260090000000000293e-03
6.165475000000000122e-03
5.152659999999999879e-03
4.247657000000000169e-03
3.399516999999999903e-03
2.510740999999999928e-03
1.428952999999999951e-03
1.194928999999999956e-04
-1.312891000000000058e-03
-2.604042999999999896e-03
-3.477289000000000161e-03
-3.789448999999999856e-03
-3.628951000000000052e-03
-2.994290000000000146e-03
-1.900372999999999906e-03
-5.296803000000000318e-04
6.968496999999999495e-04
1.503495999999999999e-03
1.799370000000000006e-03
1.698262000000000079e-03
1.491934000000000099e-03
1.279614000000000099e-03
1.088048000000000097e-03
9.309025000000000069e-04
8.053669000000000496e-04
7.062744999999999614e-04
6.298210999999999523e-04
5.652530999999999702e-04
4.963829999999999805e-04
4.102213999999999752e-04
3.450405000000000247e-04
3.681754999999999989e-04
5.644609000000000085e-04
1.002662999999999992e-03
1.688358999999999954e-03
2.490323000000000016e-03
3.172997999999999791e-03
3.598191000000000150e-03
3.680075000000000100e-03
3.318235000000000108e-03
2.394015000000000205e-03
9.495381999999999477e-04
-7.071236999999999532e-04
-2.403145000000000194e-03
-3.893362000000000038e-03
-4.943053000000000204e-03
-5.528266000000000430e-03
-5.674911000000000365e-03
-5.356536999999999757e-03
-4.628110999999999857e-03
-3.702098000000000021e-03
-3.018074999999999838e-03
-2.748187999999999933e-03
-2.902011999999999821e-03
-3.403909000000000101e-03
-3.981585999999999632e-03
-4.373504999999999754e-03
-4.418721999999999928e-03
-4.028409999999999630e-03
-3.247020000000000201e-03
-2.137810999999999878e-03
-8.018660999999999628e-04
5.354917999999999744e-04
1.635399999999999961e-03
2.370875000000000152e-03
2.826041000000000056e-03
3.181882999999999934e-03
3.369720000000000094e-03
3.243091000000000029e-03
2.672898999999999848e-03
1.670669999999999968e-03
4.989633000000000479e-04
-5.237703000000000020e-04
-1.280473999999999979e-03
-1.664508000000000090e-03
-1.596931999999999909e-03
-1.155888000000000098e-03
-4.815846000000000037e-04
3.444534000000000181e-04
1.145472999999999934e-03
1.703955000000000053e-03
1.904985000000000098e-03
1.724126999999999995e-03
1.095599000000000052e-03
2.380116999999999967e-05
-1.250597999999999901e-03
-2.188605000000000151e-03
-2.396613000000000129e-03
-1.918474000000000091e-03
-1.186755999999999965e-03
-3.835717999999999788e-04
2.575378000000000129e-04
3.989078999999999759e-04
1.250237999999999870e-04
-1.353819999999999991e-04
-1.395179999999999879e-04
1.791455000000000011e-04
7.656019999999999926e-04
1.589579999999999943e-03
2.574288000000000097e-03
3.559876999999999920e-03
4.441656000000000423e-03
5.111771000000000197e-03
5.464543999999999999e-03
5.413076999999999646e-03
4.956259999999999659e-03
4.271498999999999782e-03
3.523470999999999808e-03
2.655302999999999917e-03
1.556723000000000091e-03
1.277030999999999869e-04
-1.674315000000000005e-03
-3.821045999999999818e-03
-6.122756000000000032e-03
-8.191517000000000590e-03
-9.997783999999999144e-03
-1.155234999999999942e-02
-1.284729000000000079e-02
-1.387713999999999961e-02
-1.456391999999999930e-02
-1.483775000000000024e-02
-1.468410000000000028e-02
-1.413130999999999936e-02
-1.335715999999999987e-02
-1.234725000000000059e-02
-1.096602999999999987e-02
-9.121380999999999586e-03
-6.822197999999999804e-03
-4.273970999999999673e-03
-1.907730000000000059e-03
2.283653999999999871e-04
1.815521999999999969e-03
2.580327999999999788e-03
2.854891999999999933e-03
2.716535999999999864e-03
2.338572000000000133e-03
2.047143999999999874e-03
2.061906000000000069e-03
2.315021999999999913e-03
2.771836000000000178e-03
3.508625999999999932e-03
4.554642000000000239e-03
5.848350999999999897e-03
7.404632000000000401e-03
9.174405000000000060e-03
1.097142000000000082e-02
1.264383999999999994e-02
1.413487000000000077e-02
1.544998000000000031e-02
1.659858999999999987e-02
1.761541999999999969e-02
1.861366000000000062e-02
1.964219000000000034e-02
2.052386999999999961e-02
2.109644000000000102e-02
2.126391999999999866e-02
2.106142999999999904e-02
2.071966000000000085e-02
2.034257000000000079e-02
1.995426000000000144e-02
1.958185000000000134e-02
1.924512000000000098e-02
1.895737000000000116e-02
1.870472999999999927e-02
1.844631000000000048e-02
1.813725000000000059e-02
1.772247999999999879e-02
1.713840999999999976e-02
1.634398999999999921e-02
1.536836999999999925e-02
1.433800999999999999e-02
1.323076999999999934e-02
1.198454000000000012e-02
1.054868999999999946e-02
8.961523000000000752e-03
7.466875999999999895e-03
6.289638000000000173e-03
5.705916000000000113e-03
5.782029000000000162e-03
6.054275999999999928e-03
6.068943000000000254e-03
5.569580999999999664e-03
4.396164999999999622e-03
2.632471999999999850e-03
7.093394999999999735e-04
-1.123717999999999896e-03
-2.596426000000000203e-03
-3.601539999999999863e-03
-4.182515000000000364e-03
-4.404041000000000032e-03
-4.176051000000000069e-03
-3.456756000000000065e-03
-2.432010999999999982e-03
-1.557566999999999936e-03
-1.098793000000000035e-03
-1.241562000000000091e-03
-2.051914000000000168e-03
-3.285661999999999958e-03
-4.495149999999999840e-03
-5.529687000000000144e-03
-6.312662000000000134e-03
-6.859160000000000430e-03
-7.353348000000000002e-03
-7.884817000000000561e-03
-8.476742000000000651e-03
-9.114936000000000565e-03
-9.745597999999999414e-03
-1.034264000000000017e-02
-1.091631000000000025e-02
-1.148742999999999986e-02
-1.207345999999999940e-02
-1.269502999999999951e-02
-1.337172000000000013e-02
-1.410549999999999998e-02
-1.488063000000000059e-02
-1.566145999999999858e-02
-1.640553999999999971e-02
-1.704914000000000082e-02
-1.750714999999999910e-02
-1.764113999999999960e-02
-1.731656999999999988e-02
-1.648807000000000050e-02
-1.520721000000000052e-02
-1.366976999999999949e-02
-1.197713000000000076e-02
-1.022053000000000024e-02
-8.541207000000000313e-03
-7.084019000000000427e-03
-6.004960000000000159e-03
-5.417126000000000406e-03
-5.365263999999999797e-03
-5.748539999999999900e-03
-6.209296000000000433e-03
-6.570679999999999750e-03
-6.798649000000000359e-03
-6.878318999999999926e-03
-6.815907000000000389e-03
-6.643241999999999724e-03
-6.355186999999999989e-03
-5.970020999999999835e-03
-5.569051000000000209e-03
-5.197690999999999943e-03
-4.839275999999999994e-03
-4.446371999999999651e-03
-3.995264999999999581e-03
-3.537719999999999840e-03
-3.196833999999999960e-03
-3.144965000000000000e-03
-3.490223000000000197e-03
-4.185920000000000092e-03
-4.970877999999999755e-03
-5.587131999999999862e-03
-5.874578000000000091e-03
-5.726173999999999674e-03
-5.162855000000000048e-03
-4.423512000000000104e-03
-3.775127999999999991e-03
-3.239065000000000173e-03
-2.731114000000000198e-03
-2.237120999999999901e-03
-1.750742999999999917e-03
-1.267757999999999906e-03
-8.763227000000000386e-04
-7.437016999999999543e-04
-1.061255000000000098e-03
-1.879929000000000018e-03
-2.897574999999999890e-03
-3.558312000000000107e-03
-3.561163999999999909e-03
-2.858298000000000002e-03
-1.484934000000000037e-03
2.969021000000000182e-04
1.874748000000000083e-03
3.120814999999999874e-03
4.088824999999999925e-03
4.732840000000000311e-03
5.015216999999999765e-03
4.886775999999999794e-03
4.346843000000000408e-03
3.482205999999999843e-03
2.583649999999999836e-03
1.889665000000000008e-03
1.606591000000000095e-03
1.914567999999999956e-03
2.858130999999999866e-03
4.295265000000000367e-03
5.768790000000000202e-03
6.637185000000000307e-03
6.752257999999999698e-03
6.129665000000000287e-03
4.804535000000000403e-03
3.172975000000000188e-03
1.871185999999999943e-03
1.077721999999999925e-03
7.347163999999999778e-04
6.901783000000000527e-04
8.031143999999999826e-04
9.874315999999999736e-04
1.083263000000000108e-03
8.706115999999999638e-04
4.016297999999999743e-04
1.654285000000000036e-05
-1.191532000000000029e-04
-2.413703999999999972e-06
3.913192999999999923e-04
1.103147999999999976e-03
2.060265999999999834e-03
3.031377999999999937e-03
3.906459000000000147e-03
4.686804000000000144e-03
5.421299000000000083e-03
6.065375999999999927e-03
6.535522000000000206e-03
6.755844999999999906e-03
6.649854999999999655e-03
6.170321000000000312e-03
5.411992000000000018e-03
4.688320999999999635e-03
4.268237999999999720e-03
4.249715999999999737e-03
4.562753000000000121e-03
4.980331999999999641e-03
5.289593999999999893e-03
5.196512000000000353e-03
4.556316999999999832e-03
3.630219999999999975e-03
2.502418000000000177e-03
1.315980000000000014e-03
3.777650000000000127e-04
-2.811523000000000017e-05
2.945600000000000258e-04
1.168917999999999910e-03
2.109344999999999883e-03
2.985634000000000031e-03
3.761258999999999870e-03
4.404420000000000036e-03
4.824507999999999922e-03
4.920596000000000171e-03
4.654005000000000121e-03
4.051166000000000142e-03
3.273798000000000073e-03
2.506931000000000003e-03
1.798153000000000034e-03
1.148787000000000072e-03
5.330817999999999755e-04
-8.755275000000000297e-05
-7.193495000000000488e-04
-1.359666000000000043e-03
-1.993837000000000040e-03
-2.599788000000000012e-03
-3.149182999999999844e-03
-3.622779000000000017e-03
-4.020560999999999753e-03
-4.364523000000000361e-03
-4.685622999999999871e-03
-5.007804000000000248e-03
-5.332711999999999869e-03
-5.640631999999999591e-03
-5.866314000000000077e-03
-5.914972999999999585e-03
-5.679258000000000396e-03
-5.016290999999999979e-03
-3.840865000000000164e-03
-2.226585000000000109e-03
-2.777241999999999862e-04
1.701882999999999955e-03
3.338848000000000163e-03
4.304190000000000273e-03
4.589440999999999660e-03
4.302522999999999938e-03
3.666439000000000070e-03
2.866694999999999834e-03
2.000721000000000010e-03
1.233483999999999969e-03
7.629868999999999844e-04
7.282484999999999783e-04
1.167995999999999921e-03
2.018644999999999901e-03
3.046932999999999933e-03
3.983920999999999643e-03
4.557639999999999955e-03
4.491524000000000211e-03
3.906480000000000369e-03
3.064524999999999801e-03
2.027624999999999914e-03
9.158258000000000501e-04
-4.042055000000000046e-05
-5.669041000000000531e-04
-5.493596000000000113e-04
-4.688178999999999892e-04
-6.042573999999999992e-04
-1.013508999999999894e-03
-1.575760000000000051e-03
-2.079244000000000057e-03
-2.633391000000000117e-03
-3.216318000000000128e-03
-3.713549999999999924e-03
-4.002455000000000249e-03
-3.988595999999999635e-03
-3.615232999999999815e-03
-2.926914000000000078e-03
-2.032785000000000061e-03
-1.179485999999999989e-03
-4.350396000000000081e-04
1.000068999999999996e-04
1.777349000000000116e-04
-3.364940999999999874e-04
-1.333559999999999910e-03
-2.593125999999999851e-03
-3.698510999999999813e-03
-4.248545000000000273e-03
-3.886921000000000213e-03
-2.602409999999999880e-03
-8.605528999999999783e-04
9.673977999999999961e-04
2.714255999999999960e-03
4.140132999999999834e-03
5.137405999999999744e-03
5.845213000000000145e-03
6.282417999999999683e-03
6.367880999999999715e-03
5.916328999999999685e-03
4.776253999999999743e-03
2.865570000000000010e-03
2.852237999999999779e-04
-2.736581999999999990e-03
-5.599363999999999904e-03
-7.621621999999999772e-03
-8.553906999999999483e-03
-8.421046999999999214e-03
-7.575306999999999874e-03
-6.523751999999999850e-03
-5.530456999999999908e-03
-4.697861999999999698e-03
-4.018284999999999912e-03
-3.414858000000000216e-03
-2.857517999999999864e-03
-2.314379999999999996e-03
-1.789268000000000108e-03
-1.307372000000000005e-03
-9.076502999999999655e-04
-6.641661000000000309e-04
-6.359239999999999511e-04
-8.323319999999999720e-04
-1.289156999999999977e-03
-1.995495999999999815e-03
-2.828517000000000010e-03
-3.724929999999999995e-03
-4.555181000000000160e-03
-5.076337000000000210e-03
-5.015195000000000070e-03
-4.482337000000000300e-03
-3.768604999999999958e-03
-3.052216999999999864e-03
-2.592347999999999961e-03
-2.583595000000000162e-03
-3.004725000000000191e-03
-3.579458000000000206e-03
-4.059726999999999954e-03
-4.570939000000000425e-03
-5.246935000000000314e-03
-5.972365000000000312e-03
-6.573482000000000283e-03
-6.946001000000000258e-03
-7.025283000000000222e-03
-6.817708999999999922e-03
-6.366997999999999581e-03
-5.830542999999999663e-03
-5.280116999999999970e-03
-4.785489999999999883e-03
-4.364065999999999779e-03
-3.978488999999999984e-03
-3.531818999999999844e-03
-2.885433000000000182e-03
-2.092606999999999801e-03
-1.214161000000000060e-03
-2.730561000000000164e-04
6.680406000000000495e-04
1.530247999999999895e-03
2.303153000000000058e-03
3.018874999999999857e-03
3.745880000000000043e-03
4.456250999999999615e-03
5.065161999999999790e-03
5.437794000000000134e-03
5.361575000000000368e-03
4.702650000000000059e-03
3.741309999999999861e-03
3.135704000000000009e-03
2.969765000000000078e-03
3.118173000000000125e-03
3.596815000000000168e-03
4.309389999999999749e-03
4.954214000000000187e-03
5.138550999999999883e-03
4.890191000000000329e-03
4.165109000000000172e-03
3.030543000000000126e-03
1.744962000000000076e-03
5.239064000000000091e-04
-3.088548999999999895e-04
-4.105876999999999856e-04
2.560037000000000033e-04
1.443704000000000081e-03
2.910221000000000162e-03
4.168663999999999877e-03
4.918918000000000422e-03
5.259396000000000383e-03
5.214301999999999652e-03
4.825427999999999662e-03
4.158181999999999851e-03
3.326037000000000004e-03
2.589229000000000183e-03
2.125493999999999908e-03
2.029215000000000012e-03
2.342538999999999819e-03
2.960518999999999998e-03
3.748978999999999940e-03
4.565836999999999674e-03
5.227003000000000031e-03
5.631922000000000143e-03
5.726023999999999697e-03
5.384298000000000035e-03
4.557501000000000260e-03
3.367178000000000185e-03
1.852396000000000077e-03
9.477434999999999495e-05
-1.635808000000000097e-03
-3.126580999999999805e-03
-4.431542999999999594e-03
-5.240578000000000077e-03
-5.432914999999999967e-03
-5.193518999999999740e-03
-4.467902999999999632e-03
-3.295161000000000010e-03
-1.955978000000000144e-03
-6.970172000000000390e-04
2.634331999999999971e-04
8.134048999999999750e-04
8.841721000000000519e-04
5.177692999999999489e-04
-2.603834999999999863e-06
-4.429710000000000114e-04
-7.184917999999999774e-04
-7.570644999999999545e-04
-4.164840999999999856e-04
4.070500999999999807e-04
1.665299000000000076e-03
3.143486000000000023e-03
4.592205000000000245e-03
5.631609999999999568e-03
6.140409000000000318e-03
6.225480999999999723e-03
5.958032000000000258e-03
5.516080999999999936e-03
5.181703000000000177e-03
5.073321999999999901e-03
5.170886000000000406e-03
5.377981999999999901e-03
5.629918999999999722e-03
5.819162999999999593e-03
5.791138999999999835e-03
5.447948000000000200e-03
4.775729999999999732e-03
3.802694000000000126e-03
2.477935000000000120e-03
1.073642999999999993e-03
-8.714149000000000515e-05
-9.364141000000000305e-04
-1.310177000000000043e-03
-1.140561000000000005e-03
-7.947524999999999772e-04
-4.217603000000000216e-04
-1.142671000000000024e-04
-1.710134999999999848e-05
-2.840887000000000165e-04
-1.044166000000000018e-03
-2.287706000000000028e-03
-3.764060000000000062e-03
-5.079745000000000094e-03
-5.821258000000000161e-03
-5.767063999999999697e-03
-5.194227000000000045e-03
-4.535596999999999719e-03
-4.022684000000000329e-03
-3.775077999999999854e-03
-3.837413000000000022e-03
-4.121294000000000173e-03
-4.508154999999999801e-03
-4.983210000000000070e-03
-5.529898999999999579e-03
-6.097802000000000257e-03
-6.585312000000000283e-03
-6.856745000000000027e-03
-6.947143000000000242e-03
-6.873518000000000336e-03
-6.694412999999999753e-03
-6.449413999999999668e-03
-6.204901999999999987e-03
-6.027463000000000265e-03
-5.986977000000000097e-03
-6.149634000000000177e-03
-6.533520000000000126e-03
-7.128138000000000009e-03
-7.805799000000000418e-03
-8.261198000000000846e-03
-8.105572000000000124e-03
-7.191155000000000290e-03
-5.550501999999999693e-03
-3.469381000000000114e-03
-1.302196000000000039e-03
6.818653999999999514e-04
2.854704000000000009e-03
5.435681999999999840e-03
8.078992000000000118e-03
1.030691000000000072e-02
1.202373999999999978e-02
1.300030999999999930e-02
1.312725999999999997e-02
1.274570000000000043e-02
1.208902000000000067e-02
1.117648000000000079e-02
1.007921999999999985e-02
9.008449999999999444e-03
8.208019999999999899e-03
7.815638999999999226e-03
7.848146000000000289e-03
8.132520000000000721e-03
8.459196999999999897e-03
8.803685999999999803e-03
9.181315000000000656e-03
9.612663999999999931e-03
1.011740000000000035e-02
1.068935000000000024e-02
1.127930000000000078e-02
1.184201999999999998e-02
1.233229999999999917e-02
1.269977000000000085e-02
1.286555999999999984e-02
1.277410000000000004e-02
1.244873999999999981e-02
1.198282999999999987e-02
1.150748000000000049e-02
1.112391000000000074e-02
1.085919999999999941e-02
1.068718999999999919e-02
1.060997999999999976e-02
1.062569000000000013e-02
1.067993000000000067e-02
1.064817000000000020e-02
1.038983999999999915e-02
9.768624000000000057e-03
8.706745999999999583e-03
7.269918999999999687e-03
5.542983999999999932e-03
3.491218999999999833e-03
1.283548000000000024e-03
-6.286829999999999979e-04
-2.164277000000000041e-03
-3.487890999999999908e-03
-4.548105000000000203e-03
-5.293650999999999912e-03
-5.773475000000000135e-03
-6.094612999999999593e-03
-6.265914000000000032e-03
-6.329956999999999771e-03
-6.417744999999999873e-03
-6.621303000000000258e-03
-6.998129999999999976e-03
-7.558491999999999988e-03
-8.231646000000000449e-03
-8.941371999999999515e-03
-9.583529999999999827e-03
-1.014053000000000003e-02
-1.067103999999999969e-02
-1.111214999999999946e-02
-1.134961999999999950e-02
-1.133310000000000047e-02
-1.112197000000000012e-02
-1.083424000000000019e-02
-1.041890999999999998e-02
-9.789551999999999976e-03
-9.042285000000000600e-03
-8.423846999999999932e-03
-8.044014000000000372e-03
-7.861374000000000833e-03
-7.798923000000000140e-03
-7.813939000000000648e-03
-7.819194999999999271e-03
-7.716867999999999991e-03
-7.435365000000000203e-03
-6.936967999999999954e-03
-6.265732999999999893e-03
-5.591012999999999712e-03
-5.122882999999999951e-03
-4.976788000000000219e-03
-5.177298000000000316e-03
-5.569728000000000352e-03
-5.785957999999999900e-03
-5.662387999999999970e-03
-5.172045000000000115e-03
-4.418222999999999769e-03
-3.396667999999999823e-03
-2.151273999999999895e-03
-8.911283999999999568e-04
1.039087000000000035e-04
7.802214000000000241e-04
1.274514999999999936e-03
1.794262999999999934e-03
2.310878000000000151e-03
2.659420000000000013e-03
2.606082999999999924e-03
1.961552000000000087e-03
7.024807999999999573e-04
-9.266682999999999518e-04
-2.696898000000000090e-03
-4.474203000000000381e-03
-6.037225999999999704e-03
-7.058250000000000288e-03
-7.363688000000000178e-03
-7.132651999999999742e-03
-6.645568000000000135e-03
-6.014282000000000135e-03
-5.241350999999999996e-03
-4.360596999999999911e-03
-3.462737999999999927e-03
-2.607219999999999937e-03
-1.829616999999999962e-03
-1.126330999999999947e-03
-4.452411000000000086e-04
2.116906999999999958e-04
7.669023999999999980e-04
1.109458000000000015e-03
1.184521000000000011e-03
1.100847999999999974e-03
1.164321000000000062e-03
1.651890000000000042e-03
2.490939000000000174e-03
3.329494000000000117e-03
4.064452999999999989e-03
4.660985999999999775e-03
5.110171999999999631e-03
5.380176999999999876e-03
5.405947999999999830e-03
5.165488000000000197e-03
4.695895000000000277e-03
4.018220999999999772e-03
3.084103999999999839e-03
1.864124999999999897e-03
4.320794000000000089e-04
-1.060972000000000087e-03
-2.349888000000000064e-03
-3.130656999999999798e-03
-3.170782000000000028e-03
-2.773133000000000108e-03
-2.038794999999999930e-03
-1.169148999999999970e-03
-6.172500999999999943e-04
-6.013563000000000415e-04
-1.053948999999999988e-03
-1.780029000000000030e-03
-2.578814999999999927e-03
-3.116067000000000142e-03
-3.284472999999999993e-03
-3.071351999999999850e-03
-2.516965999999999822e-03
-1.842550999999999998e-03
-1.228343000000000013e-03
-7.319460000000000289e-04
-3.638134000000000224e-04
-1.457820000000000079e-04
-1.599043000000000133e-04
-4.673308999999999948e-04
-9.733749000000000307e-04
-1.525466999999999969e-03
-2.084209000000000062e-03
-2.616045000000000002e-03
-3.065117999999999922e-03
-3.365412999999999825e-03
-3.446911999999999893e-03
-3.266142999999999998e-03
-2.773224999999999822e-03
-2.018860999999999833e-03
-1.203761999999999931e-03
-3.693311000000000120e-04
5.691099999999999501e-04
1.700984999999999910e-03
3.050568999999999937e-03
4.532561000000000055e-03
6.010136999999999598e-03
7.517677999999999860e-03
9.044574999999999143e-03
1.036710000000000062e-02
1.117544999999999997e-02
1.122634999999999952e-02
1.059019999999999927e-02
9.739367000000000510e-03
9.023579999999999796e-03
8.477480000000000779e-03
7.980699000000000820e-03
7.363535000000000046e-03
6.713229000000000245e-03
6.165399000000000226e-03
5.744833999999999878e-03
5.409940999999999708e-03
5.013751999999999792e-03
4.319093000000000411e-03
3.263029000000000190e-03
1.739564000000000084e-03
-2.701793999999999767e-04
-2.502517000000000109e-03
-4.405291999999999888e-03
-5.812722999999999675e-03
-6.546429999999999784e-03
-6.481258999999999632e-03
-5.868825000000000257e-03
-5.057485999999999926e-03
-4.195708999999999723e-03
-3.337226999999999902e-03
-2.545256999999999988e-03
-1.851531000000000010e-03
-1.256179000000000063e-03
-7.471355999999999961e-04
-3.756691999999999844e-04
-1.917727999999999946e-04
-1.924631000000000106e-04
-3.265890000000000134e-04
-5.972541000000000048e-04
-9.697675999999999475e-04
-1.318142999999999919e-03
-1.428428000000000033e-03
-1.164150999999999988e-03
-4.894364000000000223e-04
4.301872000000000204e-04
1.169415000000000038e-03
1.479768999999999919e-03
1.327271000000000093e-03
7.898230999999999698e-04
-1.439141999999999917e-04
-1.349563999999999929e-03
-2.492363999999999951e-03
-3.459938000000000076e-03
-4.088681000000000260e-03
-4.229359999999999717e-03
-3.890796000000000185e-03
-3.306108999999999784e-03
-2.734271999999999831e-03
-2.438539999999999892e-03
-2.519294999999999955e-03
-2.917879999999999866e-03
-3.488501000000000189e-03
-4.069462000000000253e-03
-4.636651000000000314e-03
-5.323134999999999672e-03
-5.963804999999999974e-03
-6.243361999999999697e-03
-6.292739000000000318e-03
-6.093221999999999701e-03
-5.624147999999999821e-03
-4.953856999999999879e-03
-4.134557999999999983e-03
-3.316403999999999793e-03
-2.690795000000000166e-03
-2.383936000000000128e-03
-2.439981999999999828e-03
-2.764775000000000132e-03
-3.221775999999999980e-03
-3.645731000000000145e-03
-3.852182999999999909e-03
-3.680344999999999797e-03
-2.984422999999999937e-03
-1.734024999999999933e-03
-1.214985000000000023e-04
1.634273000000000106e-03
3.223297999999999875e-03
4.482024999999999725e-03
5.335178999999999790e-03
5.738245000000000325e-03
5.779544000000000174e-03
5.505963000000000003e-03
4.920459000000000291e-03
4.148993000000000125e-03
3.421383000000000063e-03
2.826082000000000160e-03
2.434821000000000207e-03
2.329668999999999924e-03
2.518919000000000106e-03
2.901462999999999959e-03
3.385759999999999811e-03
3.905562999999999917e-03
4.330973999999999588e-03
4.495337000000000291e-03
4.341916999999999825e-03
3.931984999999999821e-03
3.301451999999999859e-03
2.444486000000000055e-03
1.367598999999999941e-03
9.031478000000000336e-05
-1.321616999999999974e-03
-2.667666999999999868e-03
-3.606007999999999956e-03
-4.021437000000000102e-03
-4.072713999999999848e-03
-3.782797999999999976e-03
-3.270433000000000107e-03
-2.710815000000000100e-03
-2.180456999999999795e-03
-1.765384000000000050e-03
-1.563113999999999996e-03
-1.612666000000000013e-03
-1.848898999999999985e-03
-2.129607999999999848e-03
-2.396263999999999946e-03
-2.592411000000000194e-03
-2.631057999999999921e-03
-2.450935000000000006e-03
-2.176852999999999861e-03
-1.863405000000000053e-03
-1.506182000000000007e-03
-1.111517000000000017e-03
-6.643254999999999603e-04
-1.523228999999999913e-04
4.151299000000000113e-04
9.826608000000000565e-04
1.467830999999999953e-03
1.789252000000000073e-03
1.878537000000000002e-03
1.728940999999999898e-03
1.430138000000000069e-03
9.643196999999999620e-04
3.230581000000000164e-04
-4.048093000000000004e-04
-1.046201999999999983e-03
-1.619205999999999987e-03
-2.043587999999999828e-03
-2.222042000000000028e-03
-2.131563999999999855e-03
-1.833556999999999982e-03
-1.329913000000000059e-03
-6.789902999999999694e-04
-6.381621000000000136e-05
3.887359000000000062e-04
6.818173000000000289e-04
9.202830000000000385e-04
1.197902000000000038e-03
1.607303999999999938e-03
2.137501999999999892e-03
2.638095999999999931e-03
2.849391000000000163e-03
2.689697999999999915e-03
2.271177000000000092e-03
1.922230000000000032e-03
1.875925999999999982e-03
2.250952000000000074e-03
3.040778000000000057e-03
3.984927000000000087e-03
4.790838000000000388e-03
5.685957000000000164e-03
6.683361999999999983e-03
7.631100000000000036e-03
8.334203999999999571e-03
8.645445999999999340e-03
8.467418000000000861e-03
7.827525000000000108e-03
6.984887999999999861e-03
6.023113000000000078e-03
4.934619999999999805e-03
3.738722999999999786e-03
2.513576000000000005e-03
1.455340999999999970e-03
8.246611000000000045e-04
4.694720000000000208e-04
1.547424000000000043e-04
-1.428444999999999975e-04
-4.068434000000000221e-04
-6.124388000000000358e-04
-7.335577000000000460e-04
-7.632836000000000048e-04
-7.112435999999999542e-04
-5.692065000000000059e-04
-3.519748999999999968e-04
-9.097270000000000400e-05
1.929428000000000122e-04
4.572908999999999893e-04
6.329537000000000314e-04
6.308451999999999549e-04
3.726288999999999925e-04
-1.633245999999999982e-04
-8.705123000000000374e-04
-1.548090000000000013e-03
-2.097000999999999813e-03
-2.392880999999999914e-03
-2.433464000000000200e-03
-2.420319000000000203e-03
-2.407345999999999878e-03
-2.423176999999999883e-03
-2.508535000000000105e-03
-2.695668000000000022e-03
-2.992898999999999820e-03
-3.370438999999999814e-03
-3.826618999999999854e-03
-4.337571999999999608e-03
-4.831633999999999582e-03
-5.267265999999999615e-03
-5.626410000000000092e-03
-5.865763000000000400e-03
-5.949244999999999707e-03
-5.876313000000000196e-03
-5.623565999999999981e-03
-5.153645000000000101e-03
-4.501792000000000120e-03
-3.799245000000000139e-03
-2.980603000000000072e-03
-1.959157999999999906e-03
-8.430264000000000030e-04
1.589453000000000111e-04
9.381450000000000379e-04
1.439388999999999903e-03
1.598880999999999913e-03
1.328668999999999987e-03
6.552050999999999925e-04
-1.512367999999999883e-04
-6.785095999999999792e-04
-8.342657999999999975e-04
-6.478742999999999915e-04
-3.748923000000000224e-05
9.724191000000000085e-04
2.151129999999999796e-03
3.281538000000000076e-03
4.230117000000000252e-03
4.880840000000000005e-03
5.193388999999999645e-03
5.256391000000000015e-03
5.159925000000000102e-03
4.988621999999999848e-03
4.905467000000000161e-03
5.016928000000000359e-03
5.352255000000000207e-03
5.849347000000000400e-03
6.409037000000000241e-03
6.971808999999999819e-03
7.445221999999999604e-03
7.693115999999999843e-03
7.612009999999999783e-03
7.240217999999999654e-03
6.697904999999999658e-03
5.952375999999999674e-03
4.972976999999999953e-03
3.820747000000000206e-03
2.663205999999999993e-03
1.708543000000000084e-03
1.022771000000000010e-03
6.389737999999999842e-04
5.864959000000000101e-04
7.831192999999999748e-04
1.154143999999999960e-03
1.636529999999999973e-03
2.099390000000000023e-03
2.529857999999999846e-03
2.932501000000000118e-03
3.294337999999999954e-03
3.611300000000000014e-03
3.876091999999999819e-03
4.047458000000000305e-03
4.078578999999999712e-03
3.950025999999999711e-03
3.706534999999999951e-03
3.429250000000000007e-03
3.083975000000000084e-03
2.608064000000000215e-03
1.981957999999999810e-03
1.249288000000000091e-03
5.463116000000000499e-04
9.038928000000000747e-06
-2.824238999999999981e-04
-3.138457999999999895e-04
-1.167380000000000062e-04
2.325519999999999920e-04
5.502366999999999762e-04
7.857702000000000480e-04
1.022883999999999946e-03
1.370336999999999901e-03
1.779647999999999994e-03
2.088682000000000125e-03
2.179863000000000200e-03
1.995480999999999904e-03
1.575449000000000033e-03
1.054150999999999916e-03
5.906744999999999704e-04
2.915937000000000064e-04
2.487025000000000130e-04
5.034056000000000511e-04
9.743017000000000300e-04
1.491095999999999915e-03
2.013237000000000186e-03
2.524086000000000038e-03
2.994866000000000108e-03
3.384619000000000169e-03
3.646257999999999878e-03
3.742442999999999811e-03
3.613233999999999890e-03
3.197829000000000123e-03
2.525708000000000206e-03
1.755936000000000042e-03
9.050986000000000014e-04
-3.111463999999999793e-05
-1.015609000000000000e-03
-2.000722999999999824e-03
-2.916635999999999795e-03
-3.634847000000000078e-03
-3.998332000000000275e-03
-3.984048999999999924e-03
-3.639764000000000194e-03
-3.025251000000000069e-03
-2.335991999999999843e-03
-1.694704999999999909e-03
-1.171598999999999948e-03
-8.296284000000000340e-04
-6.835588999999999988e-04
-7.107526999999999552e-04
-9.257020000000000352e-04
-1.291891999999999997e-03
-1.668865999999999969e-03
-1.918070000000000018e-03
-1.969349999999999920e-03
-1.947324999999999967e-03
-1.945951999999999925e-03
-2.014366999999999980e-03
-2.201124000000000049e-03
-2.529200000000000111e-03
-2.974091999999999795e-03
-3.511606999999999923e-03
-4.084304000000000406e-03
-4.576855000000000333e-03
-4.907650000000000380e-03
-5.028285000000000393e-03
-4.965060999999999780e-03
-4.855710000000000061e-03
-4.809177999999999890e-03
-4.853314000000000066e-03
-4.968409000000000020e-03
-5.066557000000000179e-03
-4.992487999999999787e-03
-4.726283999999999867e-03
-4.396951999999999978e-03
-4.062496999999999983e-03
-3.734181000000000045e-03
-3.416524000000000210e-03
-3.098126000000000092e-03
-2.784482999999999923e-03
-2.525368000000000057e-03
-2.316981000000000075e-03
-2.108721999999999940e-03
-1.808471000000000080e-03
-1.321060999999999893e-03
-6.935224000000000466e-04
-1.038690999999999980e-04
3.177828000000000163e-04
4.913368999999999679e-04
3.308413999999999864e-04
-2.393142999999999865e-04
-1.186025000000000057e-03
-2.430012000000000057e-03
-3.757097000000000041e-03
-4.820852999999999944e-03
-5.280693000000000366e-03
-5.076337000000000210e-03
-4.490705000000000217e-03
-3.614580000000000050e-03
-2.651032000000000215e-03
-2.022443000000000071e-03
-1.852223999999999971e-03
-1.812023000000000062e-03
-1.884959999999999978e-03
-2.138964000000000143e-03
-2.602460000000000016e-03
-3.248380999999999838e-03
-3.933181000000000004e-03
-4.530316000000000377e-03
-4.897905999999999614e-03
-4.886172999999999732e-03
-4.436004999999999809e-03
-3.567322999999999848e-03
-2.476518000000000035e-03
-1.408160000000000097e-03
-4.382042999999999746e-04
4.040566000000000101e-04
1.133705999999999950e-03
1.786851000000000108e-03
2.288319999999999937e-03
2.527881999999999959e-03
2.427428000000000138e-03
2.024629999999999919e-03
1.522153000000000048e-03
9.953355999999999575e-04
5.239935000000000035e-04
2.413050999999999879e-04
2.855700999999999986e-04
6.281283000000000352e-04
1.017653000000000090e-03
1.255091000000000062e-03
1.299227000000000021e-03
1.200843999999999957e-03
9.661723999999999790e-04
6.036805999999999813e-04
1.884916000000000098e-04
-1.171328000000000045e-04
-1.662044000000000108e-04
1.281101000000000052e-05
2.475113999999999830e-04
5.140490000000000380e-04
8.230331999999999926e-04
1.174495999999999917e-03
1.566319000000000045e-03
1.971287999999999860e-03
2.331622000000000208e-03
2.602352999999999958e-03
2.761177999999999983e-03
2.825873999999999921e-03
2.867268999999999981e-03
2.875754999999999804e-03
2.815021000000000016e-03
2.650412999999999901e-03
2.362860999999999954e-03
1.959515000000000215e-03
1.449839999999999983e-03
8.970347000000000260e-04
4.423887000000000153e-04
2.185897999999999921e-04
2.266114999999999970e-04
3.707003000000000056e-04
5.271775000000000462e-04
4.911121999999999970e-04
2.048940999999999870e-04
-1.143159999999999944e-04
-1.886376000000000047e-04
1.056717000000000067e-04
7.585509999999999952e-04
1.648305999999999990e-03
2.692494000000000137e-03
3.703123999999999912e-03
4.344718000000000017e-03
4.393623000000000146e-03
3.930986000000000029e-03
3.359327999999999967e-03
2.863670999999999925e-03
2.462344999999999898e-03
2.107631999999999908e-03
1.716552000000000095e-03
1.235311999999999912e-03
6.265042000000000180e-04
-1.048004999999999938e-04
-8.020526000000000261e-04
-1.108140999999999987e-03
-8.837816999999999548e-04
-2.560781000000000038e-04
4.491729999999999768e-04
8.569900999999999994e-04
8.441901000000000136e-04
4.600658000000000091e-04
-2.015744999999999993e-04
-8.697569000000000480e-04
-1.335342999999999903e-03
-1.457123999999999963e-03
-1.124620000000000003e-03
-3.184926999999999940e-04
7.769510000000000088e-04
1.692900999999999911e-03
2.110343000000000201e-03
2.084915000000000119e-03
1.847642000000000034e-03
1.438381000000000078e-03
9.036330000000000404e-04
2.321139000000000004e-04
-5.858709000000000356e-04
-1.489831000000000055e-03
-2.334474999999999918e-03
-2.928773999999999874e-03
-3.172959999999999843e-03
-3.065894999999999905e-03
-2.624502999999999819e-03
-1.935117000000000087e-03
-1.250054999999999916e-03
-7.162212999999999523e-04
-3.843871000000000115e-04
-2.247333999999999920e-04
-9.603006000000000465e-05
4.734899000000000285e-05
1.702255999999999919e-04
2.036787999999999988e-04
1.691225999999999992e-04
2.225003000000000083e-04
4.348527000000000252e-04
7.777616999999999907e-04
1.106980999999999937e-03
1.173636999999999944e-03
1.036777999999999918e-03
8.910472000000000227e-04
7.681479000000000388e-04
6.590238999999999906e-04
5.355647000000000055e-04
3.593663999999999886e-04
9.977860999999999436e-05
-2.557355999999999779e-04
-6.768714000000000328e-04
-1.065573999999999905e-03
-1.248741000000000044e-03
-1.117638999999999916e-03
-7.962509999999999900e-04
-4.737613000000000002e-04
-2.347295999999999964e-04
-1.548699000000000061e-04
-3.202645999999999965e-04
-7.648002000000000099e-04
-1.408914999999999950e-03
-2.092226999999999889e-03
-2.628441000000000024e-03
-2.814369000000000159e-03
-2.624128999999999785e-03
-2.226526999999999847e-03
-1.746022999999999976e-03
-1.214096999999999919e-03
-6.722419999999999785e-04
-1.965029999999999989e-04
8.686739999999999436e-05
1.043461999999999972e-05
-5.341786999999999751e-04
-1.368683000000000096e-03
-2.023671999999999797e-03
-2.304354000000000211e-03
-2.129497000000000161e-03
-1.539339999999999936e-03
-8.368203999999999747e-04
-3.872077999999999826e-04
-3.473312999999999791e-04
-7.140424999999999724e-04
-1.284512000000000024e-03
-1.886536999999999980e-03
-2.462896999999999916e-03
-2.964104999999999865e-03
-3.355354999999999970e-03
-3.661510000000000199e-03
-3.923058999999999574e-03
-4.117743999999999571e-03
-4.208344999999999621e-03
-4.167368999999999761e-03
-4.010035000000000335e-03
-3.816181999999999994e-03
-3.622860999999999790e-03
-3.438019000000000058e-03
-3.265487999999999984e-03
-3.097419000000000127e-03
-2.914261999999999929e-03
-2.686589999999999985e-03
-2.381106000000000021e-03
-1.973147000000000182e-03
-1.472192999999999896e-03
-9.219014999999999892e-04
-3.568471999999999942e-04
1.613983000000000095e-04
5.322820000000000242e-04
6.319840000000000397e-04
3.513621000000000084e-04
-3.173822000000000188e-04
-1.203480999999999952e-03
-2.121084000000000077e-03
-2.910333000000000191e-03
-3.389567000000000014e-03
-3.419932000000000093e-03
-2.983107999999999940e-03
-2.265160999999999911e-03
-1.417637999999999928e-03
-4.647265999999999832e-04
5.445601999999999908e-04
1.492086000000000107e-03
2.219908999999999945e-03
2.588543000000000007e-03
2.505541000000000018e-03
1.898064999999999995e-03
8.589160999999999671e-04
-2.520733000000000045e-04
-1.229417000000000010e-03
-1.984041000000000190e-03
-2.528486999999999835e-03
-2.999756000000000124e-03
-3.365546999999999983e-03
-3.534189999999999988e-03
-3.401158000000000046e-03
-2.900550000000000003e-03
-2.100737999999999998e-03
-1.185374000000000106e-03
-2.386614999999999917e-04
6.229499000000000104e-04
1.221838000000000047e-03
1.444755000000000041e-03
1.312386000000000021e-03
1.035218000000000076e-03
7.811318999999999945e-04
5.985724000000000426e-04
5.012512000000000434e-04
4.562514999999999735e-04
3.777807999999999796e-04
2.436236999999999897e-04
7.103102000000000623e-05
-1.186325000000000064e-04
-2.975098999999999821e-04
-4.219485999999999940e-04
-4.387163999999999929e-04
-3.001413999999999992e-04
5.887956000000000179e-05
6.783000999999999874e-04
1.497073999999999931e-03
2.312339999999999968e-03
2.965315999999999959e-03
3.337314999999999986e-03
3.348008999999999881e-03
3.044633000000000148e-03
2.649246999999999973e-03
2.266259000000000069e-03
1.912337000000000065e-03
1.573572000000000078e-03
1.193215999999999982e-03
6.847554000000000271e-04
-1.368604000000000017e-05
-8.734751000000000017e-04
-1.763489999999999936e-03
-2.632607999999999823e-03
-3.456701999999999865e-03
-4.107325000000000212e-03
-4.460622000000000024e-03
-4.435693999999999575e-03
-4.078148999999999663e-03
-3.617645000000000062e-03
-3.179584000000000056e-03
-2.821210000000000211e-03
-2.593911999999999867e-03
-2.511030999999999940e-03
-2.524555999999999849e-03
-2.561109000000000215e-03
-2.581383999999999936e-03
-2.535933000000000197e-03
-2.363829999999999924e-03
-2.008840000000000018e-03
-1.462264000000000012e-03
-7.923280000000000210e-04
-7.738219999999999918e-05
6.024214999999999648e-04
1.132858000000000042e-03
1.562416000000000065e-03
2.162149999999999836e-03
3.033011999999999861e-03
4.153938000000000248e-03
5.445942999999999964e-03
6.777795999999999994e-03
7.900516999999999262e-03
8.551856999999999515e-03
8.655233000000000024e-03
8.379496999999999640e-03
8.053555000000000436e-03
7.722679999999999996e-03
7.343849999999999857e-03
6.850323999999999650e-03
6.169250999999999728e-03
5.269334999999999991e-03
4.212015999999999850e-03
3.206965999999999897e-03
2.532243999999999901e-03
2.379539999999999867e-03
2.715130999999999968e-03
3.223624999999999928e-03
3.693342000000000066e-03
4.139948000000000065e-03
4.574937999999999748e-03
4.962013999999999835e-03
5.251571000000000017e-03
5.390581000000000192e-03
5.344408999999999618e-03
5.139129000000000093e-03
4.863338000000000036e-03
4.538475000000000148e-03
4.179518999999999596e-03
3.831849999999999926e-03
3.547768000000000189e-03
3.358360999999999812e-03
3.267253999999999818e-03
3.233334000000000034e-03
3.209279000000000211e-03
3.194128000000000071e-03
3.197686999999999839e-03
3.228336999999999960e-03
3.288369000000000188e-03
3.363332000000000127e-03
3.414765000000000161e-03
3.379070999999999984e-03
3.182531000000000162e-03
2.764925000000000108e-03
2.124431999999999883e-03
1.376204999999999920e-03
7.194560999999999708e-04
2.361510000000000096e-04
-5.572678000000000180e-05
-2.217228999999999977e-04
-3.881860999999999797e-04
-5.699455000000000406e-04
-7.364817000000000065e-04
-8.305141000000000042e-04
-7.680996999999999738e-04
-4.692168000000000033e-04
9.931638999999999593e-05
8.488245999999999639e-04
1.532172999999999955e-03
1.974969000000000030e-03
2.089465999999999893e-03
1.900299999999999949e-03
1.603075000000000029e-03
1.321684000000000053e-03
1.145242000000000092e-03
1.171161999999999898e-03
1.419289000000000011e-03
1.759139999999999966e-03
2.096211000000000168e-03
2.349410000000000127e-03
2.412863999999999808e-03
2.185012000000000065e-03
1.619898000000000041e-03
7.956785999999999547e-04
-1.339732000000000000e-04
-1.027553000000000060e-03
-1.784907999999999981e-03
-2.341167999999999808e-03
-2.682429000000000063e-03
-2.820168000000000067e-03
-2.763073999999999912e-03
-2.613072000000000138e-03
-2.589455999999999963e-03
-2.788754999999999967e-03
-3.224028999999999784e-03
-3.795760000000000019e-03
-4.306151000000000249e-03
-4.653321999999999667e-03
-4.768587000000000346e-03
-4.591061999999999921e-03
-4.093232999999999941e-03
-3.357683000000000195e-03
-2.461993999999999901e-03
-1.469159999999999954e-03
-5.176605999999999612e-04
2.632762000000000188e-04
8.040236999999999775e-04
1.109109000000000050e-03
1.294372000000000014e-03
1.435433999999999972e-03
1.522122000000000102e-03
1.528768000000000011e-03
1.434722000000000037e-03
1.245311999999999938e-03
9.766830999999999256e-04
5.711581999999999553e-04
-3.980702000000000161e-05
-9.000135000000000253e-04
-1.984632000000000063e-03
-3.149780000000000028e-03
-4.277902999999999567e-03
-5.203326999999999779e-03
-5.759460999999999574e-03
-5.896850999999999829e-03
-5.627181000000000197e-03
-5.014237999999999855e-03
-4.303407999999999886e-03
-3.694106999999999860e-03
-3.242118999999999904e-03
-2.925033999999999967e-03
-2.629494999999999923e-03
-2.293928000000000200e-03
-1.899614999999999897e-03
-1.450920000000000074e-03
-9.604915000000000111e-04
-4.284199000000000145e-04
1.356843000000000046e-04
7.034542000000000182e-04
1.256589999999999921e-03
1.795319000000000081e-03
2.324458000000000166e-03
2.814375999999999944e-03
3.203739000000000153e-03
3.414299999999999887e-03
3.382140000000000059e-03
3.096319000000000154e-03
2.559562999999999942e-03
1.812292999999999977e-03
9.406576000000000043e-04
2.825429000000000083e-05
-8.349695999999999551e-04
-1.519972000000000076e-03
-1.931767999999999940e-03
-2.057849999999999957e-03
-1.949673999999999982e-03
-1.616873000000000008e-03
-1.141426999999999980e-03
-6.225662999999999553e-04
-6.297548000000000577e-05
5.463360999999999478e-04
1.201302000000000012e-03
1.871662000000000065e-03
2.488581000000000126e-03
2.959881000000000144e-03
3.235195000000000171e-03
3.334974000000000098e-03
3.375748000000000030e-03
3.403784999999999884e-03
3.417682999999999919e-03
3.408953000000000157e-03
3.362383999999999946e-03
3.263522999999999945e-03
3.109794999999999834e-03
2.922647999999999913e-03
2.724664999999999813e-03
2.509002000000000194e-03
2.259413999999999954e-03
1.957565000000000086e-03
1.587850999999999933e-03
1.151085999999999950e-03
6.884648000000000156e-04
2.855444999999999967e-04
-2.251923000000000157e-05
-2.418576999999999934e-04
-4.187993000000000206e-04
-5.597002999999999917e-04
-6.414675000000000108e-04
-6.437075000000000435e-04
-5.621251000000000502e-04
-4.285561000000000014e-04
-2.635463000000000215e-04
-7.042154000000000610e-05
1.397798000000000063e-04
3.378208999999999964e-04
4.764489999999999914e-04
4.939821000000000489e-04
3.527089999999999869e-04
9.036600999999999575e-05
-1.545597999999999970e-04
-2.335003000000000046e-04
-1.084684000000000066e-04
1.530164999999999943e-04
3.524935999999999890e-04
2.827568000000000030e-04
-8.296401000000000123e-05
-5.946471000000000482e-04
-9.807298999999999357e-04
-1.101315000000000063e-03
-8.905955999999999812e-04
-4.113693999999999988e-04
8.215347000000000339e-05
4.118454000000000125e-04
4.685029000000000168e-04
1.935212000000000065e-04
-3.919939000000000214e-04
-1.127214999999999988e-03
-1.878132000000000022e-03
-2.596225000000000182e-03
-3.225407999999999921e-03
-3.694727000000000081e-03
-3.936666000000000123e-03
-3.893563999999999966e-03
-3.580897999999999894e-03
-3.076830999999999924e-03
-2.355587000000000132e-03
-1.433075999999999925e-03
-4.200327000000000010e-04
6.799481999999999488e-04
1.867277999999999993e-03
3.091561999999999956e-03
4.271785000000000165e-03
5.289381999999999591e-03
6.003716000000000087e-03
6.293171999999999655e-03
6.149733000000000109e-03
5.752125999999999767e-03
5.234258000000000313e-03
4.621346999999999608e-03
3.882488999999999819e-03
2.987206000000000063e-03
1.952860000000000056e-03
8.808247000000000168e-04
-3.173188999999999952e-05
-5.814350999999999721e-04
-6.989795999999999510e-04
-6.098444000000000391e-04
-4.269049000000000129e-04
-2.109869999999999910e-04
-4.374723000000000229e-05
1.136587000000000033e-05
-9.455491999999999966e-05
-3.686292999999999775e-04
-7.753048999999999705e-04
-1.306906999999999947e-03
-1.923107999999999979e-03
-2.504127999999999996e-03
-2.850464999999999943e-03
-2.729300000000000042e-03
-2.013004000000000095e-03
-7.432558000000000133e-04
7.914718999999999531e-04
1.970804000000000045e-03
2.560273999999999970e-03
2.810552000000000016e-03
3.339425999999999940e-03
4.242474999999999892e-03
5.292175999999999998e-03
6.208741999999999733e-03
6.828645999999999848e-03
7.068594000000000092e-03
6.934094000000000022e-03
6.308776000000000314e-03
5.051901999999999608e-03
3.206665999999999943e-03
1.120750999999999909e-03
-7.324837000000000492e-04
-2.046267999999999958e-03
-2.905962000000000215e-03
-3.728288000000000175e-03
-4.615455000000000078e-03
-5.466941999999999809e-03
-6.117916999999999626e-03
-6.480758999999999999e-03
-6.540406000000000344e-03
-6.194274999999999955e-03
-5.363564000000000352e-03
-4.145924999999999958e-03
-2.792546999999999825e-03
-1.429623999999999999e-03
-2.180739000000000061e-04
6.108882000000000374e-04
8.458253000000000212e-04
4.084237999999999909e-04
-5.104763999999999699e-04
-1.565732000000000018e-03
-2.451641999999999971e-03
-2.971935000000000202e-03
-3.110484000000000165e-03
-2.848530000000000159e-03
-2.261219000000000076e-03
-1.549253000000000002e-03
-8.200109000000000131e-04
-2.267232000000000047e-04
5.323531999999999974e-06
-2.761142999999999866e-04
-1.008863000000000034e-03
-1.873464999999999939e-03
-2.740343000000000119e-03
-3.613565000000000006e-03
-4.497356999999999570e-03
-5.321381000000000028e-03
-5.967034999999999874e-03
-6.419812999999999908e-03
-6.784880000000000078e-03
-7.136092999999999603e-03
-7.475474999999999655e-03
-7.789779000000000148e-03
-8.059468999999999661e-03
-8.261328000000000074e-03
-8.349855999999999251e-03
-8.264544000000000404e-03
-7.974485999999999380e-03
-7.512979999999999832e-03
-6.890939999999999913e-03
-6.092270000000000324e-03
-5.161889000000000234e-03
-4.243181999999999857e-03
-3.489574000000000061e-03
-3.014068999999999863e-03
-2.877545999999999923e-03
-3.012725999999999859e-03
-3.232894000000000045e-03
-3.414102999999999929e-03
-3.441240999999999831e-03
-3.190185999999999803e-03
-2.574186999999999916e-03
-1.625191999999999913e-03
-5.492675999999999722e-04
5.716062999999999960e-04
1.631578000000000065e-03
2.451771000000000159e-03
2.859514000000000066e-03
2.805171999999999874e-03
2.426387999999999809e-03
1.883522000000000104e-03
1.255171999999999928e-03
5.698851000000000437e-04
-8.556718000000000158e-05
-5.530560000000000120e-04
-6.228638000000000317e-04
-1.299085999999999915e-04
9.033793999999999722e-04
2.081298999999999996e-03
2.716071999999999931e-03
3.137245999999999785e-03
3.344278000000000008e-03
3.198803999999999970e-03
2.685204000000000063e-03
1.907726999999999904e-03
1.230346999999999908e-03
1.104844999999999916e-03
1.549412999999999919e-03
2.185120000000000031e-03
2.620630000000000095e-03
2.843603000000000103e-03
3.056105999999999840e-03
3.322129000000000054e-03
3.474165999999999886e-03
3.202332999999999916e-03
2.381558000000000199e-03
1.161673999999999910e-03
-1.191311000000000019e-04
-1.322503000000000047e-03
-2.318613000000000184e-03
-2.960940999999999920e-03
-3.237245000000000140e-03
-3.301938999999999829e-03
-3.129762999999999816e-03
-2.697407000000000190e-03
-2.098804000000000121e-03
-1.521636000000000039e-03
-1.113601000000000087e-03
-1.045782999999999999e-03
-1.447567999999999988e-03
-2.081603999999999920e-03
-2.722257999999999969e-03
-3.309077000000000112e-03
-3.799934999999999945e-03
-4.133528000000000029e-03
-4.166902000000000106e-03
-3.746039000000000053e-03
-2.808245000000000012e-03
-1.464430000000000072e-03
2.219704999999999985e-04
2.097921999999999895e-03
3.799719000000000013e-03
5.063179000000000117e-03
5.763779999999999598e-03
5.936956999999999651e-03
5.574965999999999776e-03
4.639507999999999653e-03
3.309504999999999912e-03
1.929244000000000098e-03
5.852642000000000131e-04
-6.987946999999999995e-04
-1.893836000000000087e-03
-2.908102000000000083e-03
-3.595650000000000148e-03
-3.847123999999999943e-03
-3.781820999999999881e-03
-3.620537000000000061e-03
-3.379173999999999980e-03
-3.048384999999999810e-03
-2.654489999999999801e-03
-2.267208000000000157e-03
-1.965320000000000001e-03
-1.815297999999999912e-03
-1.861817999999999893e-03
-2.094976000000000130e-03
-2.477604999999999912e-03
-2.935205000000000192e-03
-3.409685999999999880e-03
-3.877768000000000187e-03
-4.311032999999999706e-03
-4.671297999999999943e-03
-4.916384999999999679e-03
-5.018784000000000092e-03
-4.984500000000000215e-03
-4.782228999999999820e-03
-4.347659999999999719e-03
-3.648445000000000160e-03
-2.641439000000000200e-03
-1.380565000000000047e-03
-1.860936999999999967e-05
1.374205999999999995e-03
2.695748999999999888e-03
3.778931000000000130e-03
4.428282999999999872e-03
4.479949999999999904e-03
3.940339000000000168e-03
3.083377999999999900e-03
2.046429000000000217e-03
9.318790999999999663e-04
-4.238564999999999965e-05
-6.067951999999999938e-04
-6.368441999999999766e-04
-2.323139000000000052e-04
2.442462999999999861e-04
6.773032999999999701e-04
1.005755000000000104e-03
1.147257999999999958e-03
9.992164999999999901e-04
4.449761999999999901e-04
-5.310494000000000455e-04
-1.768091000000000064e-03
-3.083531999999999940e-03
-4.304235000000000005e-03
-5.210079999999999746e-03
-5.710711999999999733e-03
-5.832707000000000343e-03
-5.438987999999999635e-03
-4.452356000000000195e-03
-3.014577999999999963e-03
-1.303693999999999990e-03
4.343751999999999878e-04
1.771524000000000015e-03
2.421501999999999856e-03
2.362285999999999900e-03
1.894964999999999974e-03
1.264633000000000033e-03
5.526857999999999728e-04
-1.065677999999999997e-04
-5.103974999999999528e-04
-5.689993000000000394e-04
-4.161260999999999866e-04
-2.173258000000000123e-04
4.785089000000000054e-06
2.597914000000000213e-04
5.508668999999999892e-04
8.787091000000000129e-04
1.247885000000000010e-03
1.655444999999999963e-03
2.070789999999999870e-03
2.480547999999999954e-03
2.878903999999999838e-03
3.267757000000000040e-03
3.648579999999999792e-03
3.958539999999999975e-03
4.093654000000000390e-03
3.947103000000000417e-03
3.463727000000000212e-03
2.736622000000000186e-03
2.050394000000000088e-03
1.626527000000000008e-03
1.613520999999999922e-03
2.103788000000000099e-03
3.006286999999999848e-03
3.966960000000000278e-03
4.725682999999999620e-03
5.109960999999999670e-03
5.090062999999999706e-03
4.822970999999999682e-03
4.327787999999999947e-03
3.574232000000000103e-03
2.607520999999999797e-03
1.619243000000000028e-03
8.796316999999999895e-04
4.235703999999999858e-04
1.293556000000000122e-04
-2.775952000000000133e-06
7.678736999999999390e-05
4.232977000000000180e-04
1.086855000000000069e-03
2.015414000000000094e-03
2.958426000000000111e-03
3.541780999999999922e-03
3.612370000000000164e-03
3.164961999999999897e-03
2.322709000000000058e-03
1.464456000000000048e-03
7.081106999999999896e-04
9.279923999999999346e-05
-3.374561000000000097e-04
-5.290591000000000521e-04
-4.062792999999999982e-04
3.059272999999999805e-05
6.455556000000000098e-04
1.317002999999999967e-03
1.858386000000000066e-03
2.043629999999999839e-03
2.109638000000000051e-03
2.154332000000000122e-03
2.247325000000000104e-03
2.367034999999999972e-03
2.323294000000000054e-03
2.150883000000000135e-03
1.880336999999999937e-03
1.553385000000000009e-03
1.271212999999999987e-03
1.061010000000000035e-03
8.663721000000000529e-04
5.637665000000000037e-04
4.338494000000000139e-05
-6.764079000000000532e-04
-1.515943999999999972e-03
-2.272561000000000199e-03
-2.618240999999999884e-03
-2.498671000000000052e-03
-2.089061000000000130e-03
-1.423430000000000051e-03
-6.010895000000000257e-04
2.940651999999999979e-04
1.160952000000000034e-03
1.853419000000000030e-03
2.263639999999999923e-03
2.343295000000000013e-03
2.146842999999999842e-03
1.706019000000000025e-03
1.025861999999999998e-03
2.165578999999999887e-04
-5.577524000000000370e-04
-1.356652999999999982e-03
-2.330384000000000014e-03
-3.380644999999999831e-03
-4.234649000000000052e-03
-4.732735000000000067e-03
-4.930786000000000370e-03
-4.786394999999999712e-03
-4.333365999999999954e-03
-3.714335000000000032e-03
-3.005064999999999906e-03
-2.331531999999999875e-03
-1.790108000000000107e-03
-1.437471999999999969e-03
-1.275351999999999996e-03
-1.179619000000000023e-03
-1.128700000000000059e-03
-1.182752999999999929e-03
-1.417288000000000055e-03
-1.887879999999999983e-03
-2.568314999999999834e-03
-3.298623000000000093e-03
-3.906528999999999731e-03
-4.188447999999999997e-03
-3.922413999999999935e-03
-2.943013999999999873e-03
-1.335185999999999925e-03
6.588934000000000500e-04
2.728365999999999864e-03
4.626787999999999734e-03
5.810700000000000240e-03
6.432044999999999950e-03
6.410421999999999822e-03
5.685891999999999682e-03
4.374069999999999868e-03
2.882356999999999888e-03
1.462594000000000003e-03
3.424631000000000246e-04
-3.067589000000000015e-04
-5.171528999999999796e-04
-4.036002000000000122e-04
-6.798681999999999902e-05
2.587437999999999739e-04
4.065963000000000021e-04
3.824793999999999959e-04
3.058720000000000015e-04
2.678813000000000266e-04
3.418491999999999863e-04
6.009207000000000350e-04
1.078689000000000080e-03
1.724335000000000017e-03
2.343261000000000129e-03
2.694820000000000115e-03
2.784411000000000091e-03
2.560587000000000019e-03
1.964324999999999839e-03
1.068188999999999987e-03
-2.230830999999999851e-05
-1.264621999999999968e-03
-2.471763000000000085e-03
-3.192299000000000005e-03
-3.153363000000000173e-03
-2.672608999999999835e-03
-1.957655999999999893e-03
-1.175597000000000013e-03
-4.195213000000000045e-04
2.272213999999999994e-04
6.535577999999999787e-04
7.692180000000000068e-04
5.314736999999999933e-04
2.454986000000000079e-05
-4.871958000000000018e-04
-8.277080999999999501e-04
-1.044860000000000103e-03
-1.299110999999999929e-03
-1.568107999999999915e-03
-1.772128999999999892e-03
-1.860328000000000068e-03
-1.782205000000000030e-03
-1.532109999999999939e-03
-1.175816000000000101e-03
-7.528498000000000438e-04
-2.486039999999999799e-04
3.350100000000000061e-04
9.576610999999999848e-04
1.533829000000000008e-03
1.971917000000000114e-03
2.167624999999999847e-03
2.042725999999999917e-03
1.600028000000000084e-03
9.844991000000000419e-04
5.124367999999999588e-04
2.672716000000000111e-04
1.102236000000000063e-04
-5.274042999999999947e-06
-7.721053999999999819e-05
-1.062158999999999938e-04
-1.064185999999999979e-04
-1.058834000000000034e-04
-1.065045999999999967e-04
-9.967860000000000479e-05
-7.606861999999999337e-05
-1.551157000000000029e-05
1.049713000000000024e-04
3.055910000000000223e-04
5.807073999999999960e-04
8.865634999999999965e-04
1.221244999999999926e-03
1.611809000000000072e-03
2.079149000000000188e-03
2.624064000000000171e-03
3.212658000000000180e-03
3.763405000000000049e-03
4.130932999999999827e-03
4.147925999999999697e-03
3.729445999999999976e-03
2.959733999999999889e-03
2.147402000000000078e-03
1.515171999999999960e-03
1.226958999999999906e-03
1.387893999999999977e-03
1.843594999999999956e-03
2.452052000000000138e-03
3.048878999999999999e-03
3.463794000000000074e-03
3.599901999999999876e-03
3.499672000000000113e-03
3.290247000000000050e-03
3.002320000000000162e-03
2.679117999999999864e-03
2.409151999999999908e-03
2.216679000000000045e-03
2.072614999999999874e-03
1.967613000000000001e-03
1.884732000000000074e-03
1.781985000000000036e-03
1.612946000000000085e-03
1.374051000000000048e-03
1.105716000000000077e-03
8.741727000000000134e-04
7.223959000000000066e-04
6.758010999999999966e-04
7.330172999999999724e-04
8.328352000000000454e-04
8.478706000000000133e-04
6.815842000000000124e-04
3.381320999999999741e-04
-8.455654000000000544e-05
-5.074625000000000359e-04
-8.044162999999999574e-04
-8.584973000000000517e-04
-7.444472000000000372e-04
-4.808672000000000163e-04
-6.446016000000000050e-05
5.021093000000000344e-04
1.165039000000000092e-03
1.785043999999999954e-03
2.270545000000000115e-03
2.578715999999999994e-03
2.700235999999999956e-03
2.585086999999999802e-03
2.194375000000000145e-03
1.577358000000000059e-03
8.254586999999999645e-04
2.455650999999999844e-05
-6.572064999999999765e-04
-1.121589000000000093e-03
-1.630272000000000101e-03
-2.232303000000000152e-03
-2.854490999999999799e-03
-3.360917000000000158e-03
-3.659168999999999877e-03
-3.734630999999999975e-03
-3.603434999999999885e-03
-3.216619999999999896e-03
-2.575009999999999973e-03
-1.790911000000000065e-03
-9.335710000000000102e-04
-1.395714999999999901e-04
3.665969999999999732e-04
4.980514999999999595e-04
4.186573999999999873e-04
3.298382000000000093e-04
2.743051999999999838e-04
2.527863000000000093e-04
2.478660999999999950e-04
2.607091000000000074e-04
2.957837999999999852e-04
3.495179999999999967e-04
4.087906999999999891e-04
4.391695999999999838e-04
3.869715000000000134e-04
1.872498000000000109e-04
-2.112055999999999959e-04
-8.086524000000000099e-04
-1.491640999999999931e-03
-2.024525000000000109e-03
-2.348966000000000075e-03
-2.479816000000000138e-03
-2.372820999999999785e-03
-2.038663999999999928e-03
-1.589441999999999938e-03
-1.103866999999999913e-03
-5.980784999999999964e-04
-9.773257000000000472e-05
3.479541999999999965e-04
6.628768000000000160e-04
7.611963000000000019e-04
6.134743999999999484e-04
3.062078000000000196e-04
4.992914999999999951e-05
-8.898648999999999849e-05
-1.019018000000000007e-04
1.360654999999999935e-05
2.411764000000000106e-04
5.202212000000000329e-04
8.312715999999999508e-04
1.148029999999999971e-03
1.405301999999999983e-03
1.510428999999999982e-03
1.422660999999999978e-03
1.195618999999999979e-03
8.520287999999999560e-04
4.343282999999999866e-04
4.268732000000000179e-05
-2.795044999999999800e-04
-5.033392999999999938e-04
-6.171297000000000284e-04
-6.509566000000000484e-04
-5.863369000000000003e-04
-4.100641000000000030e-04
-1.525261000000000032e-04
1.002588000000000031e-04
2.952256000000000216e-04
4.199311999999999750e-04
4.556273000000000007e-04
4.006155000000000068e-04
2.895153999999999827e-04
1.615454000000000000e-04
2.754940000000000088e-05
-1.005455000000000015e-04
-2.071719999999999877e-04
-2.773318000000000202e-04
-2.967552999999999944e-04
-2.598022000000000178e-04
-1.815360999999999982e-04
-1.039519999999999968e-04
-4.806912999999999898e-05
-2.231212000000000077e-05
-3.403554999999999976e-05
-8.105067999999999832e-05
-1.459175000000000001e-04
-2.082700999999999899e-04
-2.536750000000000268e-04
-2.847142999999999788e-04
-3.104140999999999932e-04
-3.339114000000000231e-04
-3.583306999999999877e-04
-3.877503999999999933e-04
-4.258040000000000045e-04
-4.742635999999999835e-04
-5.309311999999999625e-04
-5.856178000000000295e-04
-6.239986999999999791e-04
-6.610112999999999709e-04
-6.980118999999999907e-04
-7.281237000000000299e-04
-7.418467999999999460e-04
-7.327093000000000017e-04
-7.084379000000000023e-04
-6.874843999999999530e-04
-6.748865999999999633e-04
-6.575506000000000059e-04
-6.298455999999999586e-04
-5.893895000000000124e-04
-5.376899000000000305e-04
-4.834718000000000218e-04
-4.360063999999999867e-04
-3.981728000000000242e-04
-3.709521000000000021e-04
-3.533512000000000263e-04
-3.416647000000000087e-04
-3.350358000000000220e-04
-3.339495000000000050e-04
-3.383239999999999815e-04
-3.466688999999999903e-04
-3.570183999999999901e-04
-3.703830999999999877e-04
-3.879659000000000254e-04
-4.094039000000000055e-04
-4.321967999999999817e-04
-4.547722999999999826e-04
-4.765894000000000011e-04
-4.958084999999999879e-04
-5.095304000000000369e-04
-5.155471000000000229e-04
-5.120240000000000295e-04
-4.982104000000000437e-04
-4.762336999999999734e-04
-4.518338000000000107e-04
-4.288138999999999840e-04
-4.081576999999999970e-04
-3.906499999999999816e-04
-3.769639999999999775e-04
-3.673783000000000127e-04
-3.613563000000000083e-04
-3.569568000000000177e-04
-3.510036999999999814e-04
-3.431807000000000260e-04
-3.342773000000000055e-04
-3.248770999999999799e-04
-3.149342000000000179e-04
-3.044445000000000224e-04
-2.937500000000000115e-04
-2.836660999999999979e-04
-2.754141999999999897e-04
-2.694282000000000100e-04
-2.653590999999999849e-04
-2.620616999999999782e-04
-2.581344999999999864e-04
-2.533998000000000196e-04
-2.478825999999999838e-04
-2.415433999999999886e-04
-2.343641999999999948e-04
-2.263902999999999998e-04
-2.177197000000000019e-04
-2.085332999999999978e-04
-1.991166000000000106e-04
-1.896237000000000053e-04
-1.801042000000000094e-04
-1.706603999999999966e-04
-1.614584999999999924e-04
-1.525789999999999905e-04
-1.440196999999999994e-04
-1.357713999999999991e-04
-1.278177999999999877e-04
-1.201315000000000000e-04
-1.126657999999999946e-04
-1.053586000000000046e-04
-9.816886000000000524e-05
-9.109431000000000028e-05
-8.413435000000000195e-05
-7.728588999999999739e-05
-7.054891999999999945e-05
-6.393411999999999630e-05
-5.745397000000000042e-05
-5.112210000000000305e-05
-4.494925000000000336e-05
-3.893428000000000291e-05
-3.307449000000000256e-05
-2.736836000000000100e-05
-2.181434999999999893e-05
-1.641084999999999891e-05
-1.115471000000000081e-05
-6.044030999999999866e-06
-1.078624999999999985e-06
3.740251000000000131e-06
8.411429999999999187e-06
1.293405000000000028e-05
1.730749999999999989e-05
2.153126999999999960e-05
