2.348339999999999864e-06
3.259780000000000154e-05
1.061959999999999976e-04
1.414049999999999921e-04
1.287059999999999973e-04
1.229439999999999938e-04
1.151709999999999990e-04
1.072879999999999933e-04
1.008229999999999934e-04
9.817500000000000109e-05
9.887839999999999845e-05
9.935540000000000083e-05
9.803219999999999968e-05
9.589879999999999737e-05
9.425180000000000450e-05
9.367270000000000186e-05
9.393600000000000322e-05
9.434920000000000123e-05
9.433760000000000290e-05
9.423380000000000569e-05
9.500060000000000655e-05
9.345389999999999643e-05
8.350240000000000201e-05
6.909190000000000166e-05
5.098870000000000193e-05
8.437589999999999628e-06
-3.700820000000000254e-05
-2.373359999999999923e-05
2.398089999999999938e-05
3.439060000000000240e-05
3.891500000000000265e-05
8.461420000000000041e-05
9.085949999999999973e-05
7.059749999999999619e-06
-8.179430000000000392e-05
-1.089430000000000037e-04
-7.383850000000000125e-05
5.753279999999999912e-06
8.543479999999999727e-05
9.887520000000000499e-05
1.400909999999999941e-05
-1.110700000000000055e-04
-1.799589999999999892e-04
-1.245230000000000002e-04
5.783680000000000163e-05
2.502860000000000089e-04
3.023360000000000001e-04
1.909179999999999905e-04
1.513789999999999952e-05
-1.203090000000000030e-04
-1.535979999999999887e-04
-6.652650000000000078e-05
6.848139999999999794e-05
1.105620000000000029e-04
2.317549999999999859e-05
-8.048800000000000594e-05
-9.174060000000000049e-05
-8.322929999999999950e-06
8.127080000000000122e-05
1.077589999999999961e-04
9.639330000000000424e-05
7.826060000000000080e-05
3.500140000000000000e-05
-1.851610000000000048e-05
-4.191250000000000233e-05
-5.378550000000000198e-05
-8.557670000000000348e-05
-9.607799999999999728e-05
-4.062280000000000009e-05
3.279029999999999673e-05
5.800189999999999773e-05
2.857599999999999881e-05
-2.793560000000000067e-05
-7.405389999999999922e-05
-9.442980000000000178e-05
-1.132500000000000016e-04
-1.485889999999999965e-04
-1.861060000000000101e-04
-2.131090000000000089e-04
-2.329499999999999973e-04
-2.352379999999999998e-04
-2.526110000000000248e-04
-3.740540000000000206e-04
-5.414289999999999554e-04
-4.892940000000000353e-04
-9.296259999999999658e-05
3.536170000000000264e-04
5.198709999999999833e-04
4.952879999999999783e-04
4.153800000000000244e-04
1.510600000000000072e-04
-2.343719999999999983e-04
-4.580610000000000042e-04
-3.898640000000000200e-04
-1.129660000000000023e-04
2.030140000000000048e-04
5.865140000000000024e-04
9.233190000000000277e-04
5.701179999999999920e-04
-6.220880000000000246e-04
-1.802240000000000092e-03
-2.052790000000000083e-03
-1.196250000000000048e-03
-7.403099999999999644e-05
3.387519999999999984e-04
6.506460000000000043e-05
-1.732980000000000067e-04
6.068380000000000334e-05
4.182060000000000139e-04
2.127209999999999984e-04
-5.473700000000000397e-04
-1.058460000000000000e-03
-8.808530000000000179e-04
-4.537270000000000148e-04
-7.106339999999999456e-05
7.217950000000000104e-04
1.747340000000000004e-03
1.762869999999999932e-03
6.084709999999999685e-04
-3.967479999999999900e-04
-5.507360000000000207e-04
-3.123259999999999773e-04
-7.601860000000000431e-05
1.906830000000000038e-04
4.177110000000000263e-04
5.122370000000000222e-04
5.471980000000000420e-04
3.703350000000000110e-04
-3.054239999999999950e-04
-1.103110000000000028e-03
-1.104090000000000063e-03
-1.707090000000000083e-04
7.809600000000000309e-04
9.994920000000000453e-04
4.192980000000000231e-04
-5.083600000000000185e-04
-1.153509999999999952e-03
-1.230809999999999934e-03
-7.749150000000000439e-04
-1.006370000000000056e-04
3.188379999999999990e-04
4.431770000000000024e-04
6.632819999999999558e-04
9.199269999999999626e-04
6.816430000000000058e-04
3.270300000000000182e-05
-4.396909999999999751e-04
-6.097750000000000089e-04
-7.182830000000000074e-04
-6.723900000000000319e-04
-2.290240000000000082e-04
3.686949999999999928e-04
8.061750000000000122e-04
1.090140000000000076e-03
9.380519999999999831e-04
1.992410000000000123e-05
-1.084529999999999999e-03
-1.224519999999999992e-03
-4.400200000000000324e-05
1.198980000000000098e-03
9.700859999999999952e-04
-4.570670000000000201e-04
-1.553560000000000054e-03
-1.728170000000000010e-03
-1.604369999999999928e-03
-1.473860000000000014e-03
-1.006860000000000047e-03
-2.476639999999999788e-04
4.987280000000000402e-04
9.678780000000000326e-04
8.004019999999999711e-04
1.339570000000000051e-04
-4.224230000000000042e-04
-6.357239999999999462e-04
-7.137079999999999640e-04
-8.788269999999999936e-04
-1.192879999999999895e-03
-1.589080000000000093e-03
-1.950789999999999989e-03
-2.199860000000000097e-03
-2.392630000000000191e-03
-2.647440000000000036e-03
-2.603170000000000137e-03
-1.613199999999999964e-03
-1.122980000000000012e-04
2.370629999999999873e-03
8.736360000000000306e-03
1.473000000000000004e-02
1.113240000000000063e-02
2.575130000000000127e-03
-2.677010000000000175e-04
-2.702860000000000072e-03
-1.094499999999999987e-02
-1.209149999999999982e-02
6.829170000000000075e-04
1.378300000000000011e-02
1.683580000000000146e-02
9.734410000000000632e-03
-3.707150000000000202e-03
-1.522180000000000061e-02
-1.479089999999999919e-02
8.726159999999999950e-04
2.160580000000000139e-02
3.225070000000000020e-02
2.224749999999999991e-02
-8.195779999999999732e-03
-3.935919999999999697e-02
-4.674659999999999926e-02
-2.748099999999999848e-02
1.348620000000000027e-03
2.227700000000000166e-02
2.561460000000000126e-02
1.007010000000000023e-02
-1.065319999999999982e-02
-1.435619999999999952e-02
2.145339999999999921e-03
1.935349999999999918e-02
2.094589999999999994e-02
7.782339999999999570e-03
-6.927149999999999974e-03
-1.320029999999999988e-02
-1.355059999999999945e-02
-1.138720000000000010e-02
-4.814599999999999609e-03
2.418299999999999964e-03
4.293339999999999657e-03
4.912589999999999665e-03
9.488440000000000762e-03
1.077209999999999973e-02
1.357359999999999947e-03
-1.084859999999999991e-02
-1.503110000000000036e-02
-1.014089999999999957e-02
-9.274409999999999859e-04
5.985520000000000250e-03
6.576040000000000010e-03
3.761720000000000081e-03
2.642380000000000163e-03
3.486190000000000122e-03
3.726660000000000129e-03
2.774029999999999812e-03
1.564539999999999898e-03
6.477870000000000373e-04
-8.052420000000000400e-05
-9.760189999999999534e-04
-2.383360000000000166e-03
-3.048860000000000025e-03
-7.307070000000000362e-04
2.542299999999999942e-03
3.213699999999999890e-03
2.454990000000000210e-03
4.760850000000000064e-04
-4.292729999999999810e-03
-7.081149999999999597e-03
-4.483299999999999959e-03
-2.031269999999999951e-03
-2.326480000000000128e-03
-1.629540000000000068e-03
1.238450000000000098e-03
4.086099999999999628e-03
5.017040000000000388e-03
2.857750000000000047e-03
-1.369680000000000073e-03
-3.388869999999999990e-03
-2.561369999999999880e-03
-1.548010000000000054e-03
1.641730000000000099e-03
6.505780000000000070e-03
5.892200000000000215e-03
-1.938210000000000106e-03
-9.387670000000000736e-03
-9.285329999999999626e-03
-3.078640000000000109e-03
2.448440000000000078e-03
3.726779999999999850e-03
1.857539999999999972e-03
-4.576539999999999927e-04
-1.105770000000000060e-03
-3.236480000000000021e-04
8.450639999999999443e-05
-7.290579999999999847e-04
-1.652500000000000106e-03
-9.050259999999999642e-04
1.212350000000000060e-03
1.976079999999999851e-03
4.583389999999999903e-04
-6.149600000000000075e-04
5.092809999999999915e-04
1.805989999999999939e-03
1.262979999999999919e-03
-1.110680000000000011e-05
-1.729629999999999905e-04
5.982480000000000089e-04
1.049110000000000016e-03
7.759330000000000263e-04
2.625589999999999912e-04
-1.495629999999999909e-04
-5.363339999999999644e-04
-9.029020000000000231e-04
-6.606679999999999974e-04
6.563549999999999593e-04
2.091979999999999795e-03
1.842300000000000057e-03
-2.292150000000000068e-04
-1.899190000000000036e-03
-1.731890000000000035e-03
-5.488920000000000431e-04
3.642410000000000114e-04
5.345039999999999904e-04
3.674129999999999736e-04
3.386749999999999787e-04
3.623079999999999877e-04
1.988980000000000056e-04
-1.713420000000000004e-04
-7.152179999999999952e-04
-1.451129999999999911e-03
-2.264749999999999836e-03
-2.424330000000000148e-03
-1.292469999999999990e-03
5.073280000000000324e-04
1.895070000000000001e-03
2.361250000000000068e-03
1.963980000000000153e-03
1.227259999999999983e-03
7.583789999999999976e-04
6.378760000000000029e-04
5.848859999999999563e-04
5.693000000000000144e-04
6.798639999999999675e-04
6.606049999999999813e-04
1.662780000000000096e-04
-5.624249999999999692e-04
-9.685810000000000426e-04
-1.030710000000000003e-03
-9.634170000000000494e-04
-6.378329999999999764e-04
-1.057100000000000026e-04
2.253389999999999918e-04
2.603929999999999851e-04
1.757050000000000126e-04
-4.459379999999999985e-05
-4.012139999999999977e-04
-6.368279999999999818e-04
-3.813229999999999810e-04
4.133149999999999823e-04
1.098180000000000033e-03
8.820570000000000016e-04
-1.228570000000000063e-04
-9.684869999999999720e-04
-9.518839999999999550e-04
-2.282089999999999965e-04
4.789129999999999733e-04
6.432579999999999592e-04
2.757729999999999904e-04
-2.773130000000000061e-04
-5.355270000000000516e-04
-2.805309999999999878e-04
1.656829999999999924e-04
4.240390000000000240e-04
4.612409999999999839e-04
3.218009999999999773e-04
4.882180000000000070e-05
-1.875529999999999981e-04
-2.817739999999999893e-04
-2.670649999999999782e-04
-1.001559999999999945e-04
2.488340000000000235e-04
5.945450000000000344e-04
6.967320000000000371e-04
4.968779999999999681e-04
1.722969999999999938e-04
-3.852140000000000018e-05
-4.647479999999999759e-05
8.694390000000000625e-05
2.123820000000000005e-04
1.863819999999999919e-04
2.843379999999999871e-05
-1.121460000000000067e-04
-1.390340000000000109e-04
-4.859420000000000308e-05
1.029160000000000019e-04
1.690429999999999873e-04
1.650750000000000077e-05
-1.893580000000000122e-04
-1.247130000000000103e-04
1.948209999999999970e-04
4.684099999999999961e-04
4.519069999999999815e-04
1.338540000000000096e-04
-1.934100000000000066e-04
-2.808779999999999762e-04
-1.974660000000000098e-04
-4.261459999999999684e-05
1.901720000000000081e-04
4.012080000000000117e-04
3.805020000000000104e-04
1.138659999999999971e-04
-1.485910000000000009e-04
-2.082920000000000041e-04
1.362219999999999978e-05
3.809530000000000099e-04
4.764309999999999791e-04
2.005630000000000108e-04
-6.662590000000000190e-05
-1.860820000000000117e-04
-4.917050000000000500e-04
-1.134639999999999911e-03
-1.465809999999999899e-03
-7.739399999999999795e-04
3.937740000000000012e-04
8.893609999999999710e-04
3.905630000000000213e-04
-5.168189999999999590e-04
-9.933760000000000246e-04
-6.528760000000000422e-04
1.493429999999999964e-04
7.457880000000000498e-04
7.278890000000000100e-04
1.406260000000000051e-04
-5.299050000000000028e-04
-8.192499999999999913e-04
-7.646439999999999791e-04
-6.381579999999999978e-04
-4.945420000000000501e-04
-2.834189999999999778e-04
-7.168219999999999616e-05
1.506149999999999937e-04
5.225299999999999997e-04
1.048730000000000105e-03
1.330339999999999951e-03
9.539029999999999775e-04
1.772830000000000033e-04
-5.223520000000000160e-04
-9.570499999999999797e-04
-8.614949999999999908e-04
-1.681189999999999941e-04
5.789740000000000034e-04
7.967869999999999727e-04
3.744010000000000090e-04
-2.591340000000000028e-04
-6.236349999999999880e-04
-7.879560000000000296e-04
-8.154209999999999844e-04
-4.093710000000000079e-04
2.601680000000000203e-04
6.226880000000000392e-04
6.294099999999999522e-04
6.076309999999999698e-04
5.860320000000000026e-04
4.395840000000000251e-04
2.727140000000000185e-04
1.887550000000000046e-04
2.968059999999999836e-05
-2.917409999999999838e-04
-5.321580000000000234e-04
-4.912640000000000453e-04
-2.650710000000000240e-04
-7.260250000000000156e-05
-1.933129999999999904e-05
-1.920179999999999969e-05
5.010740000000000072e-05
1.185180000000000060e-04
1.194109999999999990e-06
-2.602910000000000054e-04
-4.342239999999999815e-04
-3.468209999999999783e-04
-2.531569999999999887e-05
2.778219999999999973e-04
3.944390000000000092e-04
3.409420000000000029e-04
1.180449999999999989e-04
-1.626230000000000047e-04
-2.473169999999999904e-04
-9.784789999999999536e-05
5.292640000000000202e-05
7.529139999999999542e-05
6.696119999999999850e-05
1.200849999999999997e-04
1.545370000000000012e-04
4.217820000000000217e-05
-1.200050000000000005e-04
-1.237239999999999965e-04
7.470669999999999913e-06
1.057340000000000011e-04
1.491750000000000075e-04
2.364749999999999882e-04
3.480320000000000180e-04
3.180300000000000162e-04
1.095720000000000006e-04
-9.424199999999999656e-05
-1.662749999999999894e-04
-1.760800000000000082e-04
-2.391999999999999866e-04
-2.855159999999999816e-04
-8.784320000000000626e-05
2.819359999999999922e-04
4.470839999999999905e-04
3.413639999999999795e-04
2.372409999999999873e-04
2.266930000000000063e-04
1.877980000000000068e-04
1.127820000000000054e-04
9.377509999999999600e-05
1.207509999999999964e-04
1.200070000000000048e-04
1.149200000000000042e-04
1.938329999999999990e-04
3.244000000000000247e-04
3.871039999999999854e-04
3.736519999999999794e-04
3.528879999999999864e-04
3.123910000000000250e-04
2.182420000000000020e-04
1.184689999999999935e-04
2.290979999999999875e-05
-1.532629999999999995e-04
-4.130679999999999964e-04
-6.017270000000000344e-04
-6.094269999999999505e-04
-5.681529999999999523e-04
-6.758820000000000452e-04
-8.601039999999999901e-04
-8.309699999999999942e-04
-4.962470000000000075e-04
-7.560619999999999450e-05
2.026220000000000126e-04
2.985180000000000038e-04
3.547809999999999766e-04
4.018909999999999779e-04
1.390239999999999889e-04
-4.158389999999999873e-04
-7.182339999999999948e-04
-5.048070000000000205e-04
3.303040000000000143e-05
4.391770000000000135e-04
3.124339999999999973e-04
-1.308570000000000111e-04
-3.825850000000000106e-04
-3.173919999999999996e-04
-1.474889999999999968e-04
-7.347309999999999963e-05
-1.208830000000000012e-04
-1.725040000000000004e-04
-1.074400000000000013e-04
7.160270000000000480e-05
2.426659999999999972e-04
2.272959999999999868e-04
-4.610429999999999834e-05
-3.459320000000000212e-04
-3.945810000000000224e-04
-2.611509999999999938e-04
-1.647209999999999972e-04
-1.179910000000000025e-04
-1.936480000000000135e-05
1.483479999999999966e-04
3.352040000000000249e-04
4.393089999999999777e-04
3.430390000000000067e-04
1.076620000000000002e-04
-5.413029999999999909e-05
-6.588649999999999336e-05
-4.095569999999999820e-05
-8.992600000000000604e-05
-1.726459999999999865e-04
-1.492710000000000011e-04
3.549739999999999915e-06
1.607479999999999998e-04
2.310969999999999865e-04
1.415330000000000017e-04
-1.126159999999999938e-04
-2.953049999999999924e-04
-2.389439999999999945e-04
-1.055219999999999970e-04
-8.469130000000000007e-05
-1.659900000000000015e-04
-2.354450000000000065e-04
-2.034109999999999944e-04
-6.884849999999999651e-05
8.852339999999999341e-05
2.077810000000000084e-04
2.771249999999999734e-04
2.457170000000000057e-04
8.892159999999999919e-05
-8.030069999999999504e-05
-1.610539999999999932e-04
-1.699530000000000040e-04
-1.568429999999999889e-04
-1.678019999999999902e-04
-2.076799999999999903e-04
-1.928730000000000082e-04
-6.520880000000000491e-05
9.678310000000000515e-05
2.016800000000000071e-04
2.647570000000000132e-04
3.493409999999999745e-04
4.304360000000000239e-04
3.637409999999999992e-04
1.140910000000000025e-04
-1.258680000000000085e-04
-1.319489999999999932e-04
1.191179999999999935e-04
4.072260000000000072e-04
4.707739999999999755e-04
2.176780000000000121e-04
-1.760569999999999984e-04
-3.412749999999999877e-04
-8.854199999999999354e-05
3.222620000000000259e-04
5.451460000000000420e-04
5.114849999999999995e-04
2.963299999999999767e-04
3.928570000000000234e-05
-1.071109999999999982e-04
-1.696439999999999905e-04
-3.066899999999999791e-04
-4.738790000000000211e-04
-4.472659999999999830e-04
-2.504900000000000225e-04
-1.169890000000000009e-04
-1.163489999999999934e-04
-1.402010000000000083e-04
-9.129370000000000312e-05
4.848109999999999903e-05
1.743439999999999964e-04
1.340749999999999928e-04
-3.374299999999999864e-05
-1.404739999999999971e-04
-7.221160000000000502e-05
1.216909999999999975e-04
2.879310000000000051e-04
3.539190000000000109e-04
3.868710000000000031e-04
4.140750000000000225e-04
3.561020000000000136e-04
2.157120000000000109e-04
1.041259999999999988e-04
6.195849999999999979e-05
1.071120000000000004e-05
-1.097590000000000040e-04
-2.060809999999999942e-04
-1.789030000000000047e-04
-1.050810000000000058e-04
-9.448799999999999387e-05
-1.382070000000000000e-04
-1.543860000000000089e-04
-9.076560000000000389e-05
1.702500000000000047e-05
8.005770000000000431e-05
2.520579999999999845e-05
-1.209609999999999960e-04
-2.417580000000000119e-04
-2.823130000000000192e-04
-2.965949999999999750e-04
-3.502579999999999930e-04
-4.238010000000000171e-04
-3.840630000000000259e-04
-1.636940000000000086e-04
1.010380000000000040e-04
2.264719999999999960e-04
1.176369999999999987e-04
-1.439079999999999917e-04
-3.379850000000000107e-04
-3.955690000000000204e-04
-4.458110000000000046e-04
-4.624480000000000149e-04
-2.860210000000000183e-04
-1.640380000000000039e-05
1.419520000000000124e-04
1.787819999999999969e-04
1.746270000000000070e-04
1.929289999999999955e-04
2.552939999999999853e-04
2.963579999999999839e-04
2.395710000000000005e-04
1.296450000000000098e-04
4.921899999999999751e-05
-1.415640000000000053e-05
-1.076320000000000022e-04
-2.302220000000000058e-04
-2.926100000000000055e-04
-1.632299999999999940e-04
1.212180000000000039e-04
3.184029999999999803e-04
2.279600000000000062e-04
-6.762670000000000085e-05
-2.965360000000000218e-04
-3.546970000000000092e-04
-2.978500000000000028e-04
-1.285149999999999986e-04
1.033409999999999987e-04
2.616420000000000269e-04
2.758460000000000014e-04
2.032699999999999969e-04
1.740310000000000012e-04
2.108939999999999903e-04
1.412039999999999986e-04
-9.778950000000000283e-05
-2.157039999999999934e-04
-3.630669999999999833e-06
3.095500000000000161e-04
4.548730000000000069e-04
4.177219999999999826e-04
2.906860000000000151e-04
1.840800000000000129e-04
1.632170000000000062e-04
1.858209999999999951e-04
1.854430000000000065e-04
1.655050000000000087e-04
1.618599999999999987e-04
1.723700000000000048e-04
1.752900000000000107e-04
1.715300000000000060e-04
1.611600000000000088e-04
1.040430000000000066e-04
-1.861119999999999894e-05
-1.444220000000000074e-04
-1.982940000000000093e-04
-1.770510000000000096e-04
-1.498319999999999980e-04
-1.712170000000000109e-04
-2.213919999999999972e-04
-2.488370000000000165e-04
-2.383510000000000088e-04
-2.206549999999999939e-04
-2.191220000000000071e-04
-2.090000000000000115e-04
-1.573190000000000027e-04
-8.034639999999999361e-05
-2.729770000000000124e-05
-5.674530000000000031e-05
-1.440219999999999977e-04
-1.489360000000000120e-04
-4.760939999999999855e-05
2.022739999999999882e-05
-8.067380000000000338e-06
-6.228170000000000375e-05
-7.071910000000000533e-05
-1.192350000000000027e-05
9.208260000000000501e-05
1.870429999999999912e-04
2.462990000000000079e-04
2.507930000000000229e-04
1.652000000000000040e-04
3.568729999999999965e-05
-4.109640000000000179e-05
-5.316430000000000190e-05
-8.246000000000000671e-05
-1.948949999999999966e-04
-3.644610000000000059e-04
-4.799580000000000014e-04
-3.697479999999999842e-04
-1.377959999999999933e-05
3.287639999999999985e-04
3.860229999999999868e-04
1.591209999999999966e-04
-8.389229999999999637e-05
-1.410290000000000079e-04
-8.302700000000000314e-05
-5.755810000000000039e-05
-1.004539999999999974e-04
-1.675520000000000113e-04
-2.226010000000000055e-04
-2.623619999999999793e-04
-2.862230000000000004e-04
-2.770939999999999731e-04
-2.418280000000000028e-04
-2.174520000000000044e-04
-2.180159999999999943e-04
-2.237820000000000065e-04
-2.187629999999999924e-04
-2.128529999999999897e-04
-1.826800000000000060e-04
-5.916389999999999779e-05
1.317450000000000066e-04
2.732899999999999804e-04
3.354470000000000021e-04
3.915060000000000155e-04
4.932100000000000026e-04
5.909090000000000306e-04
6.020689999999999983e-04
5.260090000000000252e-04
4.043319999999999770e-04
2.731540000000000075e-04
1.657490000000000016e-04
8.510770000000000509e-05
4.320970000000000068e-05
6.314579999999999434e-05
1.032260000000000041e-04
1.109080000000000027e-04
1.029400000000000004e-04
1.129660000000000023e-04
1.417640000000000068e-04
1.560789999999999942e-04
1.136929999999999972e-04
3.410169999999999911e-05
-1.180479999999999919e-05
-7.636659999999999827e-06
-2.945010000000000032e-06
-1.447209999999999989e-05
6.173620000000000194e-06
7.806610000000000122e-05
1.540169999999999994e-04
1.893900000000000011e-04
1.694370000000000110e-04
1.159739999999999979e-04
7.932549999999999801e-05
7.896350000000000385e-05
8.716740000000000165e-05
5.530540000000000076e-05
-4.259150000000000040e-05
-1.685729999999999867e-04
-2.502320000000000260e-04
-2.357759999999999869e-04
-1.519690000000000082e-04
-9.121760000000000567e-05
-9.294459999999999777e-05
-1.014659999999999938e-04
-5.272709999999999870e-05
4.281919999999999824e-05
1.310799999999999986e-04
1.878399999999999905e-04
2.061929999999999959e-04
1.801019999999999910e-04
1.381160000000000037e-04
1.201540000000000019e-04
1.253179999999999952e-04
1.258239999999999934e-04
1.110419999999999983e-04
9.705749999999999697e-05
1.014239999999999966e-04
1.264939999999999988e-04
1.615139999999999989e-04
1.916920000000000071e-04
2.114100000000000105e-04
1.973149999999999904e-04
1.180079999999999991e-04
8.874830000000000544e-06
-6.647520000000000349e-05
-1.104580000000000053e-04
-1.479510000000000070e-04
-1.278580000000000081e-04
-5.449960000000000079e-06
1.422580000000000058e-04
1.942090000000000103e-04
1.004320000000000034e-04
-5.945000000000000170e-05
-1.604959999999999894e-04
-1.744770000000000034e-04
-1.275570000000000122e-04
-4.505649999999999797e-05
2.133590000000000015e-05
4.234009999999999803e-05
4.993909999999999761e-05
9.476190000000000492e-05
1.915060000000000059e-04
3.065049999999999936e-04
3.888799999999999766e-04
3.754089999999999966e-04
2.552079999999999865e-04
1.282459999999999915e-04
7.449760000000000312e-05
6.553990000000000586e-05
4.671939999999999860e-05
4.083639999999999898e-07
-6.043049999999999681e-05
-1.193839999999999940e-04
-1.669770000000000108e-04
-1.710720000000000047e-04
-1.033149999999999959e-04
-2.707350000000000091e-05
-3.491640000000000336e-05
-1.078319999999999935e-04
-1.581529999999999883e-04
-1.572330000000000038e-04
-1.428760000000000056e-04
-1.503289999999999900e-04
-1.788700000000000001e-04
-2.088249999999999937e-04
-2.295390000000000126e-04
-2.381589999999999944e-04
-2.313159999999999923e-04
-2.186070000000000027e-04
-2.161859999999999932e-04
-2.105470000000000019e-04
-1.677100000000000053e-04
-9.399490000000000362e-05
-3.024110000000000087e-05
1.002070000000000047e-05
4.674639999999999682e-05
8.430979999999999703e-05
9.729470000000000208e-05
8.337690000000000465e-05
6.113400000000000117e-05
2.592339999999999984e-05
-2.244659999999999952e-05
-6.644900000000000025e-05
-9.842599999999999581e-05
-1.109669999999999965e-04
-9.891640000000000046e-05
-8.296580000000000447e-05
-8.748400000000000469e-05
-9.738079999999999436e-05
-4.017580000000000250e-05
1.262729999999999886e-04
3.293330000000000129e-04
4.553410000000000031e-04
4.178659999999999731e-04
2.442850000000000099e-04
9.740940000000000286e-05
6.464060000000000584e-05
7.136509999999999881e-05
4.525789999999999913e-05
7.980320000000000192e-06
-8.523910000000000522e-06
-1.843999999999999963e-05
-4.046020000000000269e-05
-5.949280000000000068e-05
-3.276079999999999981e-05
4.068389999999999854e-05
8.907599999999999893e-05
7.043600000000000121e-05
3.251929999999999881e-05
2.816120000000000068e-05
5.186229999999999980e-05
6.725860000000000009e-05
5.170459999999999959e-05
1.721879999999999852e-05
-9.439369999999999377e-06
-2.075109999999999856e-05
-3.645599999999999790e-05
-7.789709999999999657e-05
-1.358259999999999969e-04
-1.874160000000000095e-04
-2.187559999999999906e-04
-2.126549999999999892e-04
-1.731240000000000047e-04
-1.398840000000000044e-04
-1.340729999999999884e-04
-1.372789999999999980e-04
-1.284719999999999992e-04
-1.093899999999999945e-04
-9.760640000000000115e-05
-9.998229999999999986e-05
-1.047150000000000028e-04
-1.023120000000000057e-04
-9.668749999999999881e-05
-9.366070000000000265e-05
-7.933109999999999674e-05
-3.305729999999999942e-05
3.034409999999999972e-05
8.092339999999999841e-05
1.101800000000000056e-04
1.078079999999999951e-04
7.028249999999999667e-05
3.180539999999999875e-05
2.070019999999999876e-05
2.322140000000000098e-05
1.290930000000000022e-05
-1.770690000000000152e-05
-5.663220000000000303e-05
-8.375000000000000283e-05
-7.292829999999999766e-05
-2.321970000000000064e-05
2.248819999999999926e-05
4.984550000000000244e-05
1.161860000000000019e-04
2.236320000000000029e-04
2.447929999999999854e-04
1.269339999999999878e-04
-3.702040000000000134e-06
-4.839960000000000329e-05
-4.588620000000000123e-05
-4.921009999999999832e-05
-5.021749999999999820e-05
-4.131409999999999803e-05
-3.980410000000000062e-05
-4.964309999999999909e-05
-5.849619999999999738e-05
-5.902809999999999817e-05
-5.502849999999999669e-05
-5.298200000000000197e-05
-4.338960000000000213e-05
-3.158520000000000042e-06
5.402759999999999751e-05
6.545199999999999608e-05
7.065199999999999711e-06
-6.213450000000000624e-05
-9.143949999999999756e-05
-9.830120000000000676e-05
-1.175270000000000015e-04
-1.550950000000000050e-04
-1.986099999999999975e-04
-2.345240000000000063e-04
-2.285049999999999950e-04
-1.536379999999999951e-04
-5.500699999999999698e-05
6.917220000000000156e-06
3.737200000000000065e-05
6.381410000000000283e-05
8.275790000000000262e-05
9.109659999999999785e-05
1.045860000000000046e-04
1.289130000000000039e-04
1.546309999999999905e-04
1.707369999999999884e-04
1.715370000000000078e-04
1.640520000000000075e-04
1.622700000000000032e-04
1.657859999999999878e-04
1.587100000000000034e-04
1.363969999999999885e-04
1.131530000000000057e-04
9.890699999999999340e-05
8.906999999999999933e-05
7.598740000000000366e-05
5.761750000000000188e-05
3.734919999999999809e-05
1.897090000000000161e-05
2.588020000000000168e-06
-9.758589999999999347e-06
-1.031999999999999945e-05
9.736920000000000080e-08
8.263959999999999733e-06
7.659550000000000212e-06
4.503210000000000207e-06
5.233250000000000251e-06
9.255299999999999291e-06
1.274139999999999968e-05
1.423619999999999932e-05
1.440120000000000029e-05
1.623019999999999921e-05
2.857189999999999998e-05
5.482179999999999746e-05
8.286370000000000422e-05
1.022070000000000059e-04
1.169540000000000054e-04
1.320910000000000064e-04
1.416579999999999912e-04
1.197160000000000037e-04
4.145949999999999836e-05
-6.332599999999999644e-05
-1.430129999999999943e-04
-1.746960000000000093e-04
-1.549429999999999970e-04
-1.167680000000000042e-04
-1.077219999999999962e-04
-1.289949999999999940e-04
-1.483060000000000129e-04
-1.488329999999999894e-04
-1.391580000000000117e-04
-1.325579999999999868e-04
-1.321770000000000052e-04
-1.342009999999999980e-04
-1.295400000000000100e-04
-1.048119999999999987e-04
-6.286739999999999375e-05
-2.494839999999999986e-05
-7.534990000000000426e-07
1.946650000000000073e-05
4.683900000000000335e-05
7.785170000000000545e-05
9.288370000000000654e-05
8.395429999999999679e-05
7.134429999999999385e-05
7.264369999999999703e-05
8.282220000000000131e-05
9.074049999999999629e-05
9.487350000000000568e-05
9.020889999999999616e-05
5.237620000000000177e-05
-2.233509999999999898e-05
-9.502860000000000018e-05
-1.421860000000000105e-04
-1.786050000000000018e-04
-1.946890000000000057e-04
-1.566679999999999982e-04
-8.940119999999999372e-05
-4.955939999999999852e-05
-4.133849999999999732e-05
-2.953320000000000042e-05
-3.713719999999999826e-06
-2.505479999999999854e-06
-4.906260000000000016e-05
-1.042359999999999961e-04
-1.310259999999999886e-04
-1.411050000000000119e-04
-1.603180000000000056e-04
-1.860209999999999999e-04
-1.933899999999999899e-04
-1.811639999999999887e-04
-1.728959999999999926e-04
-1.784079999999999900e-04
-1.876159999999999872e-04
-1.948379999999999936e-04
-1.866220000000000032e-04
-1.074040000000000037e-04
6.084750000000000315e-05
1.843459999999999999e-04
1.244960000000000088e-04
-3.587730000000000292e-05
-1.225769999999999887e-04
-1.107319999999999962e-04
-9.166120000000000257e-05
-1.248330000000000023e-04
-1.841740000000000022e-04
-1.918520000000000056e-04
-1.173389999999999958e-04
-2.602110000000000062e-05
1.908670000000000142e-05
2.233859999999999988e-05
1.535480000000000078e-05
2.327540000000000080e-05
4.992699999999999818e-05
8.087720000000000553e-05
9.291109999999999885e-05
6.973129999999999422e-05
2.999599999999999877e-05
5.538419999999999906e-06
-1.945779999999999944e-06
-8.995729999999999674e-06
-1.042669999999999963e-05
1.165119999999999951e-05
4.618040000000000258e-05
6.925169999999999969e-05
7.764190000000000620e-05
7.532089999999999912e-05
6.553790000000000147e-05
5.909599999999999798e-05
6.279919999999999329e-05
7.097650000000000053e-05
5.858520000000000280e-05
-8.604619999999999661e-07
-8.560610000000000018e-05
-1.505959999999999927e-04
-1.946639999999999916e-04
-2.278500000000000089e-04
-2.012220000000000057e-04
-8.903690000000000129e-05
3.110309999999999703e-05
8.896379999999999685e-05
8.940060000000000595e-05
7.084199999999999699e-05
7.439940000000000463e-05
1.094820000000000065e-04
1.487220000000000035e-04
1.629120000000000015e-04
1.507140000000000075e-04
1.364039999999999903e-04
1.366650000000000070e-04
1.451790000000000003e-04
1.499589999999999918e-04
1.489010000000000030e-04
1.458660000000000024e-04
1.357800000000000044e-04
1.102689999999999974e-04
7.778489999999999450e-05
5.273210000000000289e-05
4.064069999999999868e-05
4.349239999999999714e-05
5.411469999999999876e-05
5.806580000000000232e-05
5.216149999999999856e-05
4.527229999999999682e-05
4.382260000000000289e-05
4.633859999999999710e-05
4.886429999999999902e-05
4.984909999999999678e-05
4.992000000000000316e-05
4.983189999999999972e-05
5.525179999999999843e-05
7.522709999999999673e-05
1.050750000000000062e-04
1.301970000000000004e-04
1.486760000000000111e-04
1.535829999999999964e-04
1.144430000000000019e-04
3.265889999999999999e-05
-4.119510000000000137e-05
-8.150009999999999579e-05
-1.116430000000000016e-04
-1.582999999999999989e-04
-2.227839999999999866e-04
-2.899120000000000256e-04
-3.497039999999999979e-04
-4.048209999999999786e-04
-4.660689999999999993e-04
-5.206600000000000464e-04
-4.932310000000000080e-04
-3.469020000000000068e-04
-1.811500000000000122e-04
-8.659480000000000649e-05
-4.376239999999999964e-05
-3.213730000000000146e-05
-5.754870000000000010e-05
-8.378829999999999872e-05
-7.487799999999999697e-05
-4.876320000000000096e-05
-3.222179999999999700e-05
-2.226810000000000115e-05
-8.378909999999999369e-06
7.128400000000000224e-06
2.016549999999999861e-05
3.263959999999999832e-05
4.258350000000000319e-05
4.171949999999999926e-05
3.189950000000000180e-05
2.657270000000000056e-05
3.712890000000000293e-05
6.250220000000000613e-05
8.777409999999999705e-05
1.024460000000000014e-04
1.120160000000000063e-04
1.210930000000000009e-04
1.225610000000000078e-04
1.150539999999999999e-04
1.093649999999999939e-04
1.110620000000000015e-04
1.159260000000000010e-04
1.195480000000000013e-04
9.281399999999999601e-05
-5.763610000000000032e-06
-1.506470000000000096e-04
-2.244659999999999885e-04
-1.038399999999999951e-04
1.674470000000000114e-04
3.836099999999999948e-04
3.619869999999999750e-04
9.992029999999999944e-05
-1.916669999999999930e-04
-3.091360000000000028e-04
-2.003069999999999916e-04
4.693950000000000010e-05
2.445309999999999801e-04
3.105520000000000177e-04
2.972149999999999792e-04
2.075420000000000129e-04
5.558660000000000071e-05
-4.763860000000000159e-05
-5.516499999999999784e-05
-4.883450000000000144e-05
-6.120719999999999904e-05
-2.119469999999999885e-05
7.785509999999999935e-05
1.605540000000000081e-04
1.999199999999999968e-04
2.115220000000000121e-04
1.999480000000000040e-04
1.736230000000000011e-04
1.415069999999999989e-04
1.071229999999999974e-04
7.683360000000000244e-05
4.909660000000000017e-05
2.049479999999999900e-05
4.968279999999999805e-06
1.335130000000000039e-05
2.655839999999999969e-05
2.797979999999999933e-05
3.239299999999999970e-05
5.473430000000000211e-05
8.494570000000000224e-05
1.101430000000000058e-04
1.218649999999999996e-04
1.004680000000000010e-04
4.579479999999999733e-05
-4.947439999999999679e-06
-2.970800000000000085e-05
-4.511839999999999818e-05
-7.283489999999999615e-05
-1.158199999999999990e-04
-1.626549999999999936e-04
-2.044159999999999890e-04
-2.433880000000000082e-04
-2.591870000000000241e-04
-2.095259999999999994e-04
-1.132310000000000006e-04
-4.036760000000000294e-05
-3.478630000000000269e-05
-9.100529999999999416e-05
-1.532240000000000088e-04
-1.745369999999999994e-04
-1.651789999999999986e-04
-1.445139999999999923e-04
-1.154219999999999937e-04
-8.933180000000000417e-05
-7.599309999999999583e-05
-6.821340000000000660e-05
-6.236910000000000565e-05
-6.424260000000000051e-05
-7.039400000000000399e-05
-7.143829999999999668e-05
-6.753209999999999671e-05
-6.471949999999999589e-05
-6.540950000000000453e-05
-6.770890000000000491e-05
-6.958810000000000549e-05
-7.096809999999999566e-05
-6.662489999999999970e-05
-4.817620000000000132e-05
-2.183720000000000160e-05
-1.750670000000000045e-06
1.084510000000000057e-05
1.953910000000000068e-05
1.964860000000000022e-05
1.160169999999999939e-05
6.334600000000000303e-06
8.489840000000000694e-06
1.233540000000000051e-05
1.241829999999999933e-05
8.765250000000000485e-06
1.016900000000000039e-05
2.972099999999999886e-05
6.379619999999999746e-05
9.484919999999999983e-05
1.079449999999999973e-04
8.759349999999999407e-05
3.896259999999999860e-05
-3.185620000000000172e-06
-2.120259999999999924e-05
-3.160739999999999828e-05
-5.312760000000000274e-05
-8.732849999999999576e-05
-9.756210000000000565e-05
-3.166480000000000217e-05
8.661019999999999960e-05
1.811120000000000102e-04
2.178229999999999912e-04
2.016250000000000084e-04
1.642710000000000134e-04
1.517880000000000043e-04
1.720020000000000110e-04
1.949329999999999986e-04
1.963500000000000022e-04
1.751260000000000035e-04
1.481999999999999973e-04
1.313340000000000134e-04
1.236800000000000085e-04
1.156099999999999993e-04
1.026370000000000000e-04
8.696349999999999501e-05
7.180470000000000049e-05
5.819190000000000099e-05
4.528690000000000173e-05
3.214300000000000040e-05
1.780400000000000098e-05
4.592479999999999947e-06
6.250870000000000174e-06
3.176259999999999977e-05
6.354569999999999707e-05
8.129589999999999527e-05
8.940029999999999852e-05
9.933889999999999853e-05
9.253079999999999845e-05
4.287660000000000212e-05
-2.579039999999999959e-05
-7.244750000000000050e-05
-9.750559999999999696e-05
-1.258019999999999993e-04
-1.685500000000000041e-04
-2.196490000000000107e-04
-2.680000000000000090e-04
-2.727879999999999910e-04
-1.908550000000000014e-04
-6.974000000000000652e-05
-8.476740000000000769e-06
-3.107569999999999793e-05
-6.883410000000000559e-05
-6.032929999999999852e-05
-1.702629999999999994e-05
1.886400000000000099e-05
3.726150000000000230e-05
6.445529999999999933e-05
1.137690000000000012e-04
1.669169999999999877e-04
2.084660000000000061e-04
2.439479999999999893e-04
2.861459999999999807e-04
3.234879999999999765e-04
3.098110000000000057e-04
2.369299999999999965e-04
1.660160000000000043e-04
1.367829999999999946e-04
1.254849999999999954e-04
9.768629999999999338e-05
5.461199999999999822e-05
3.194000000000000251e-05
4.640769999999999954e-05
6.753579999999999805e-05
6.818809999999999856e-05
5.770789999999999682e-05
5.376509999999999791e-05
5.134559999999999846e-05
3.311529999999999785e-05
2.470340000000000136e-06
-2.316929999999999855e-05
-3.500590000000000309e-05
-3.066310000000000124e-05
-1.669120000000000038e-05
-8.133479999999999587e-06
-1.019070000000000053e-05
-1.451979999999999945e-05
-1.366440000000000083e-05
-8.610499999999999976e-06
-4.063910000000000025e-06
-1.046509999999999913e-06
-2.515709999999999966e-07
-1.438720000000000008e-05
-5.290989999999999973e-05
-9.789229999999999785e-05
-1.284690000000000061e-04
-1.483930000000000004e-04
-1.718669999999999996e-04
-2.035829999999999921e-04
-2.430470000000000059e-04
-2.722169999999999993e-04
-2.045170000000000072e-04
1.845610000000000105e-05
2.308169999999999959e-04
2.114139999999999921e-04
2.760769999999999996e-05
-8.537509999999999511e-05
-6.116689999999999877e-05
-8.513049999999999749e-06
-1.434240000000000010e-05
-5.682239999999999996e-05
-7.458480000000000459e-05
-5.913349999999999889e-05
-4.432570000000000151e-05
-4.655020000000000029e-05
-5.523410000000000028e-05
-5.770929999999999989e-05
-4.803800000000000322e-05
-2.564540000000000013e-05
-1.387289999999999977e-07
1.761210000000000032e-05
2.866149999999999994e-05
4.108350000000000061e-05
5.476019999999999792e-05
5.990130000000000194e-05
5.571660000000000116e-05
5.319979999999999842e-05
5.743890000000000329e-05
6.357129999999999899e-05
6.758780000000000365e-05
6.614129999999999641e-05
4.723060000000000143e-05
7.676870000000000582e-06
-3.219799999999999903e-05
-5.743500000000000151e-05
-7.599909999999999543e-05
-1.006149999999999981e-04
-1.258019999999999993e-04
-1.315939999999999872e-04
-1.182190000000000009e-04
-1.086950000000000020e-04
-1.138810000000000028e-04
-1.222779999999999972e-04
-1.149969999999999969e-04
-8.671809999999999902e-05
-5.421520000000000229e-05
-3.315960000000000012e-05
-1.973540000000000082e-05
-1.709990000000000081e-06
2.500270000000000034e-05
5.487940000000000179e-05
8.055250000000000507e-05
9.220640000000000541e-05
8.594819999999999815e-05
7.636309999999999398e-05
7.797390000000000234e-05
8.749179999999999468e-05
9.398859999999999658e-05
8.164519999999999547e-05
3.933540000000000289e-05
-1.470720000000000041e-05
-5.369419999999999830e-05
-7.835650000000000102e-05
-1.022600000000000001e-04
-1.240430000000000048e-04
-1.379069999999999927e-04
-1.508500000000000075e-04
-1.702180000000000023e-04
-1.931640000000000093e-04
-2.094900000000000017e-04
-2.102259999999999893e-04
-2.018140000000000027e-04
-1.999740000000000068e-04
-2.048879999999999940e-04
-1.913100000000000098e-04
-1.425130000000000092e-04
-8.274619999999999729e-05
-4.024110000000000339e-05
-1.536730000000000108e-05
-8.514900000000000417e-06
-2.168959999999999982e-05
-3.542709999999999832e-05
-3.266789999999999939e-05
-2.154760000000000017e-05
-1.642580000000000120e-05
-1.977870000000000089e-05
-2.525750000000000000e-05
-2.803089999999999957e-05
-2.847060000000000148e-05
-2.953320000000000042e-05
-3.055770000000000052e-05
-2.254600000000000064e-05
-7.699099999999999902e-07
2.343099999999999979e-05
3.923020000000000261e-05
5.017010000000000268e-05
5.895900000000000251e-05
5.872380000000000178e-05
5.059040000000000271e-05
4.602429999999999911e-05
4.870709999999999992e-05
5.243359999999999888e-05
5.235140000000000160e-05
4.946929999999999747e-05
4.687999999999999839e-05
4.586019999999999843e-05
4.565430000000000096e-05
4.530649999999999727e-05
4.458870000000000222e-05
3.902340000000000317e-05
2.132789999999999954e-05
-4.198630000000000321e-06
-2.505420000000000146e-05
-3.874859999999999692e-05
-5.308700000000000181e-05
-6.130010000000000623e-05
-3.886719999999999948e-05
1.090739999999999996e-05
5.318270000000000159e-05
7.375569999999999587e-05
9.048069999999999583e-05
1.143130000000000014e-04
1.219720000000000038e-04
9.432060000000000628e-05
5.724459999999999737e-05
4.070849999999999827e-05
3.883569999999999817e-05
3.179110000000000128e-05
1.349299999999999939e-05
-8.688150000000000834e-06
-2.772400000000000087e-05
-4.346529999999999871e-05
-6.035629999999999674e-05
-7.773470000000000640e-05
-7.164309999999999852e-05
-2.019590000000000090e-05
4.865429999999999934e-05
9.548499999999999805e-05
1.172360000000000004e-04
1.181700000000000019e-04
1.023439999999999945e-04
9.157210000000000371e-05
9.891999999999999480e-05
1.121229999999999970e-04
1.171849999999999970e-04
1.140339999999999995e-04
1.101110000000000034e-04
1.095980000000000034e-04
1.112459999999999984e-04
1.124920000000000065e-04
1.127240000000000002e-04
1.129160000000000011e-04
1.137559999999999998e-04
1.157869999999999944e-04
1.179110000000000032e-04
1.009469999999999942e-04
4.261940000000000059e-05
-3.559530000000000121e-05
-9.429659999999999431e-05
-1.337730000000000082e-04
-1.685099999999999977e-04
-1.745430000000000126e-04
-1.350459999999999942e-04
-9.181379999999999836e-05
-8.041670000000000545e-05
-8.402320000000000557e-05
-7.372210000000000351e-05
-4.454140000000000014e-05
-1.096850000000000010e-05
1.574679999999999974e-05
2.963939999999999950e-05
2.595970000000000151e-05
1.500240000000000056e-05
1.355099999999999951e-05
2.262010000000000049e-05
2.311979999999999843e-05
-7.479030000000000287e-06
-6.146789999999999470e-05
-1.077969999999999981e-04
-1.372880000000000042e-04
-1.613569999999999935e-04
-1.588829999999999897e-04
-9.746560000000000412e-05
-9.640179999999999916e-06
4.480909999999999760e-05
4.546689999999999662e-05
1.258100000000000033e-05
-1.054269999999999987e-05
-2.330959999999999956e-06
1.818370000000000007e-05
2.729799999999999851e-05
2.291850000000000088e-05
1.630810000000000061e-05
1.468630000000000032e-05
1.657439999999999838e-05
1.790849999999999972e-05
1.738050000000000071e-05
1.622650000000000126e-05
1.557949999999999881e-05
1.482419999999999945e-05
1.552170000000000082e-05
2.606799999999999843e-05
4.930190000000000310e-05
7.324820000000000116e-05
8.869420000000000201e-05
1.003979999999999966e-04
1.121599999999999968e-04
1.167170000000000008e-04
1.115390000000000039e-04
1.069770000000000025e-04
1.107879999999999970e-04
1.145509999999999947e-04
9.268510000000000474e-05
3.539269999999999743e-05
-2.757769999999999856e-05
-7.023420000000000596e-05
-9.059820000000000275e-05
-8.668770000000000013e-05
-6.902849999999999817e-05
-6.264189999999999396e-05
-7.313010000000000647e-05
-8.494980000000000445e-05
-8.733520000000000367e-05
-8.327130000000000350e-05
-8.004920000000000601e-05
-8.028760000000000020e-05
-8.249990000000000611e-05
-8.274730000000000648e-05
-7.244589999999999700e-05
-4.865389999999999846e-05
-2.343480000000000134e-05
-6.870650000000000024e-06
5.516580000000000129e-06
1.112090000000000054e-05
-6.325250000000000130e-06
-4.159169999999999686e-05
-6.899629999999999533e-05
-8.203619999999999901e-05
-8.609760000000000048e-05
-7.169649999999999363e-05
-3.815909999999999859e-05
-8.366659999999999614e-06
5.663849999999999991e-06
8.489119999999999454e-06
2.120319999999999970e-06
-6.637899999999999584e-06
-7.439350000000000186e-06
-1.479729999999999976e-06
2.843580000000000056e-06
2.045870000000000200e-06
-1.163009999999999983e-06
-3.482519999999999820e-06
-4.299960000000000078e-06
-4.776720000000000067e-06
-5.768430000000000097e-06
-7.115410000000000371e-06
-8.319869999999999338e-06
-9.262170000000000464e-06
-1.025090000000000040e-05
-1.172340000000000028e-05
-8.702059999999999825e-06
7.507340000000000360e-06
3.274119999999999749e-05
5.312939999999999991e-05
6.611729999999999799e-05
7.678759999999999644e-05
7.541140000000000104e-05
5.061160000000000176e-05
1.835309999999999882e-05
-2.777319999999999885e-07
-8.707730000000000060e-06
-1.867570000000000146e-05
-2.653120000000000104e-05
-2.488400000000000095e-05
-2.072989999999999951e-05
-2.265229999999999994e-05
-2.838319999999999957e-05
-3.232890000000000145e-05
-3.314319999999999804e-05
-3.300000000000000253e-05
-3.372489999999999960e-05
-3.526019999999999827e-05
-3.676990000000000179e-05
-3.781539999999999712e-05
-3.856439999999999960e-05
-3.941919999999999691e-05
-4.060840000000000239e-05
-4.216620000000000296e-05
-4.391450000000000111e-05
-4.556579999999999664e-05
-4.718470000000000243e-05
-4.954280000000000278e-05
-4.498080000000000139e-05
-1.760590000000000028e-05
2.827909999999999831e-05
6.800189999999999685e-05
9.239979999999999580e-05
1.142350000000000066e-04
1.376899999999999912e-04
1.457300000000000023e-04
1.336920000000000068e-04
1.228900000000000109e-04
1.263769999999999998e-04
1.349509999999999892e-04
1.386969999999999902e-04
1.437730000000000073e-04
1.599679999999999971e-04
1.817959999999999921e-04
1.986609999999999873e-04
2.109690000000000057e-04
2.255319999999999948e-04
2.312860000000000079e-04
2.029189999999999998e-04
1.493169999999999936e-04
1.073709999999999991e-04
8.713539999999999925e-05
6.896439999999999992e-05
4.655360000000000097e-05
3.909000000000000013e-05
5.111989999999999823e-05
6.136799999999999926e-05
5.833249999999999758e-05
5.076060000000000321e-05
4.825130000000000337e-05
5.334630000000000117e-05
6.774360000000000646e-05
8.919400000000000017e-05
1.086470000000000052e-04
1.218000000000000061e-04
1.332229999999999949e-04
1.494800000000000122e-04
1.651269999999999930e-04
1.431740000000000085e-04
5.909999999999999997e-05
-4.204780000000000084e-05
-1.080869999999999970e-04
-1.476430000000000093e-04
-1.952199999999999910e-04
-2.624959999999999750e-04
-3.415900000000000143e-04
-4.064310000000000123e-04
-3.874099999999999788e-04
-2.571299999999999996e-04
-1.121680000000000008e-04
-3.568689999999999878e-05
-7.897999999999999598e-06
-6.239169999999999931e-06
-2.898559999999999909e-05
-4.446190000000000201e-05
-3.022270000000000119e-05
-6.327380000000000057e-06
3.450970000000000097e-06
-1.210539999999999933e-06
-7.598009999999999782e-06
-8.339820000000000731e-06
-5.333990000000000239e-06
-3.055229999999999969e-06
-2.903439999999999852e-06
-3.465139999999999912e-06
-3.388259999999999981e-06
-2.714860000000000211e-06
-2.187050000000000092e-06
-2.091029999999999951e-06
-2.178729999999999975e-06
-2.146180000000000177e-06
-1.931960000000000049e-06
-1.724269999999999968e-06
-1.637970000000000049e-06
-1.641720000000000013e-06
-1.694589999999999982e-06
-1.559049999999999922e-06
-1.030580000000000008e-06
-5.493909999999999887e-06
-2.286250000000000006e-05
-4.758509999999999948e-05
-6.659809999999999515e-05
-7.842690000000000631e-05
-9.073719999999999583e-05
-1.025890000000000032e-04
-1.041879999999999993e-04
-9.764549999999999879e-05
-9.516250000000000240e-05
-9.969359999999999702e-05
-1.050449999999999946e-04
-1.069400000000000027e-04
-1.064539999999999942e-04
-1.063470000000000035e-04
-1.076179999999999986e-04
-1.107050000000000048e-04
-1.108249999999999969e-04
-8.785850000000000593e-05
-3.248680000000000209e-05
2.818420000000000029e-05
7.013610000000000092e-05
8.651470000000000026e-05
6.514219999999999440e-05
1.868879999999999969e-05
-1.321130000000000004e-05
-2.058629999999999973e-05
-1.834699999999999900e-05
2.767300000000000169e-07
4.176879999999999894e-05
8.223339999999999773e-05
1.040949999999999986e-04
1.190199999999999955e-04
1.439989999999999879e-04
1.619380000000000071e-04
1.281520000000000022e-04
4.801769999999999937e-05
-2.178789999999999853e-05
-5.183180000000000068e-05
-4.597600000000000162e-05
-2.230409999999999877e-05
-1.141559999999999960e-05
-2.330980000000000169e-05
-4.136919999999999687e-05
-6.140990000000000305e-05
-9.318030000000000637e-05
-1.305800000000000136e-04
-1.601220000000000095e-04
-1.829540000000000105e-04
-2.089969999999999914e-04
-2.392039999999999954e-04
-2.472430000000000179e-04
-2.087299999999999887e-04
-1.517169999999999977e-04
-1.184409999999999998e-04
-1.074580000000000001e-04
-9.302089999999999567e-05
-6.399800000000000627e-05
-2.826369999999999843e-05
4.226629999999999884e-06
3.186890000000000247e-05
5.836659999999999781e-05
8.739020000000000230e-05
1.151259999999999952e-04
1.248180000000000101e-04
1.109619999999999991e-04
9.575690000000000471e-05
9.650379999999999581e-05
1.059770000000000053e-04
1.031229999999999951e-04
6.971960000000000245e-05
1.598650000000000017e-05
-2.900490000000000075e-05
-5.692609999999999695e-05
-8.322899999999999884e-05
-1.049320000000000043e-04
-9.099090000000000325e-05
-4.232640000000000187e-05
-1.782530000000000067e-06
2.459899999999999945e-06
-2.099620000000000067e-05
-4.225729999999999943e-05
-4.298849999999999677e-05
-3.268450000000000191e-05
-2.910260000000000153e-05
-3.176960000000000157e-05
-1.352990000000000068e-05
4.084550000000000051e-05
1.032589999999999951e-04
1.450799999999999865e-04
1.733150000000000033e-04
2.083719999999999897e-04
2.467960000000000271e-04
2.594170000000000135e-04
2.412589999999999884e-04
2.254760000000000076e-04
2.323260000000000115e-04
2.334020000000000127e-04
1.857600000000000104e-04
1.010349999999999974e-04
2.944100000000000154e-05
-1.362470000000000018e-05
-5.135759999999999766e-05
-1.055630000000000056e-04
-1.573210000000000071e-04
-1.456440000000000035e-04
-6.021610000000000103e-05
2.485940000000000122e-05
5.648819999999999899e-05
3.613129999999999744e-05
-1.447749999999999988e-05
-5.555230000000000004e-05
-6.487929999999999392e-05
-6.190339999999999417e-05
-6.572849999999999927e-05
-6.978300000000000594e-05
-6.815970000000000405e-05
-6.758599999999999970e-05
-7.142879999999999618e-05
-7.587259999999999588e-05
-7.759699999999999584e-05
-7.707050000000000012e-05
-7.631659999999999367e-05
-7.705439999999999870e-05
-7.696139999999999806e-05
-6.662200000000000012e-05
-4.318790000000000031e-05
-1.927239999999999864e-05
-4.338430000000000236e-06
6.081469999999999729e-06
1.802680000000000162e-05
3.116360000000000094e-05
4.376209999999999898e-05
5.608919999999999824e-05
6.857540000000000077e-05
8.157989999999999459e-05
9.316810000000000673e-05
9.610999999999999968e-05
8.840759999999999699e-05
8.036759999999999943e-05
7.957550000000000409e-05
8.315069999999999655e-05
8.187530000000000534e-05
6.134029999999999951e-05
2.033079999999999854e-05
-1.969870000000000166e-05
-4.450880000000000320e-05
-6.253979999999999370e-05
-8.577049999999999475e-05
-1.069179999999999951e-04
-1.081640000000000032e-04
-9.520710000000000533e-05
-8.957960000000000542e-05
-9.579250000000000145e-05
-1.030559999999999972e-04
-1.045620000000000062e-04
-9.596070000000000435e-05
-7.104519999999999531e-05
-3.720999999999999780e-05
-1.100280000000000077e-05
4.739759999999999662e-06
1.960519999999999993e-05
4.032130000000000306e-05
5.682719999999999693e-05
4.987630000000000221e-05
2.411829999999999912e-05
4.570300000000000102e-06
2.469730000000000239e-07
-3.632740000000000010e-07
-7.520529999999999805e-06
-2.068529999999999997e-05
-3.210559999999999971e-05
-2.969189999999999942e-05
-1.071549999999999930e-05
9.520190000000000071e-06
1.879379999999999953e-05
2.202260000000000155e-05
2.775129999999999974e-05
3.530810000000000166e-05
3.987910000000000245e-05
4.202580000000000004e-05
4.511559999999999881e-05
4.958820000000000068e-05
5.385779999999999788e-05
5.716219999999999965e-05
5.991390000000000246e-05
6.258780000000000409e-05
6.558870000000000444e-05
6.807529999999999517e-05
6.335260000000000056e-05
4.605469999999999800e-05
2.487900000000000015e-05
1.121079999999999946e-05
4.003250000000000169e-06
-3.909439999999999622e-06
-1.518920000000000019e-05
-2.737839999999999862e-05
-3.795720000000000311e-05
-4.740229999999999845e-05
-5.489389999999999970e-05
-5.196599999999999679e-05
-3.485559999999999879e-05
-1.626170000000000051e-05
-7.306780000000000370e-06
-4.076279999999999705e-06
1.453469999999999952e-06
1.097730000000000076e-05
2.119009999999999893e-05
2.960620000000000124e-05
3.657550000000000243e-05
3.903669999999999845e-05
3.151419999999999721e-05
1.874419999999999919e-05
1.078889999999999931e-05
8.684130000000000828e-06
6.828449999999999818e-06
2.176630000000000029e-06
-3.909709999999999875e-06
-9.515810000000000292e-06
-1.301189999999999988e-05
-1.018259999999999971e-05
1.483189999999999929e-07
1.069169999999999963e-05
1.561610000000000114e-05
1.735829999999999947e-05
2.031190000000000114e-05
2.523979999999999846e-05
3.026489999999999885e-05
3.402739999999999883e-05
3.694300000000000188e-05
3.872040000000000285e-05
3.586319999999999910e-05
2.757159999999999873e-05
1.956700000000000087e-05
1.575099999999999878e-05
1.390540000000000073e-05
1.095209999999999972e-05
6.577799999999999939e-06
2.188060000000000020e-06
-1.271170000000000020e-06
-3.964839999999999973e-06
-6.479189999999999879e-06
-8.007579999999999657e-06
-6.630829999999999667e-06
-3.192389999999999855e-06
-8.679309999999999915e-07
-6.060879999999999940e-07
-8.644439999999999816e-07
-4.557559999999999949e-07
4.319030000000000261e-07
1.144299999999999996e-06
1.469769999999999906e-06
1.585899999999999927e-06
1.619200000000000100e-06
1.567889999999999993e-06
1.396219999999999991e-06
1.082879999999999913e-06
5.923559999999999873e-07
2.965490000000000173e-07
1.119879999999999940e-06
2.885240000000000179e-06
4.010470000000000415e-06
3.802589999999999959e-06
3.010729999999999802e-06
2.351329999999999814e-06
1.812789999999999969e-06
1.094330000000000032e-06
-3.636480000000000016e-07
-3.274900000000000188e-06
-7.037880000000000284e-06
-9.988889999999999496e-06
-1.166219999999999991e-05
-1.291230000000000002e-05
-1.435909999999999945e-05
-1.586970000000000156e-05
-1.709900000000000010e-05
-1.794369999999999898e-05
-1.850039999999999993e-05
-1.887279999999999996e-05
-1.908529999999999835e-05
-1.911929999999999836e-05
-1.897169999999999998e-05
-1.865990000000000069e-05
-1.820649999999999924e-05
-1.762790000000000109e-05
-1.693459999999999876e-05
-1.614000000000000132e-05
-1.524640000000000026e-05
-1.425150000000000069e-05
-1.318409999999999969e-05
-1.208399999999999984e-05
-1.096189999999999918e-05
-9.810559999999999461e-06
-8.631020000000000586e-06
-7.435769999999999621e-06
-6.237909999999999878e-06
-5.045800000000000038e-06
-3.866339999999999984e-06
-2.708580000000000078e-06
-1.577739999999999992e-06
-4.755039999999999941e-07
5.909939999999999781e-07
1.610170000000000078e-06
2.572669999999999968e-06
3.471999999999999961e-06
4.301829999999999604e-06
5.055519999999999837e-06
5.726950000000000284e-06
6.310540000000000231e-06
6.801059999999999730e-06
